1
1
2
0
(512 0
((0,0,0) (15,15,15) (0,0,0))
((16,0,0) (31,15,15) (0,0,0))
((32,0,0) (47,15,15) (0,0,0))
((48,0,0) (63,15,15) (0,0,0))
((64,0,0) (79,15,15) (0,0,0))
((80,0,0) (95,15,15) (0,0,0))
((96,0,0) (111,15,15) (0,0,0))
((112,0,0) (127,15,15) (0,0,0))
((0,16,0) (15,31,15) (0,0,0))
((16,16,0) (31,31,15) (0,0,0))
((32,16,0) (47,31,15) (0,0,0))
((48,16,0) (63,31,15) (0,0,0))
((64,16,0) (79,31,15) (0,0,0))
((80,16,0) (95,31,15) (0,0,0))
((96,16,0) (111,31,15) (0,0,0))
((112,16,0) (127,31,15) (0,0,0))
((0,32,0) (15,47,15) (0,0,0))
((16,32,0) (31,47,15) (0,0,0))
((32,32,0) (47,47,15) (0,0,0))
((48,32,0) (63,47,15) (0,0,0))
((64,32,0) (79,47,15) (0,0,0))
((80,32,0) (95,47,15) (0,0,0))
((96,32,0) (111,47,15) (0,0,0))
((112,32,0) (127,47,15) (0,0,0))
((0,48,0) (15,63,15) (0,0,0))
((16,48,0) (31,63,15) (0,0,0))
((32,48,0) (47,63,15) (0,0,0))
((48,48,0) (63,63,15) (0,0,0))
((64,48,0) (79,63,15) (0,0,0))
((80,48,0) (95,63,15) (0,0,0))
((96,48,0) (111,63,15) (0,0,0))
((112,48,0) (127,63,15) (0,0,0))
((0,64,0) (15,79,15) (0,0,0))
((16,64,0) (31,79,15) (0,0,0))
((32,64,0) (47,79,15) (0,0,0))
((48,64,0) (63,79,15) (0,0,0))
((64,64,0) (79,79,15) (0,0,0))
((80,64,0) (95,79,15) (0,0,0))
((96,64,0) (111,79,15) (0,0,0))
((112,64,0) (127,79,15) (0,0,0))
((0,80,0) (15,95,15) (0,0,0))
((16,80,0) (31,95,15) (0,0,0))
((32,80,0) (47,95,15) (0,0,0))
((48,80,0) (63,95,15) (0,0,0))
((64,80,0) (79,95,15) (0,0,0))
((80,80,0) (95,95,15) (0,0,0))
((96,80,0) (111,95,15) (0,0,0))
((112,80,0) (127,95,15) (0,0,0))
((0,96,0) (15,111,15) (0,0,0))
((16,96,0) (31,111,15) (0,0,0))
((32,96,0) (47,111,15) (0,0,0))
((48,96,0) (63,111,15) (0,0,0))
((64,96,0) (79,111,15) (0,0,0))
((80,96,0) (95,111,15) (0,0,0))
((96,96,0) (111,111,15) (0,0,0))
((112,96,0) (127,111,15) (0,0,0))
((0,112,0) (15,127,15) (0,0,0))
((16,112,0) (31,127,15) (0,0,0))
((32,112,0) (47,127,15) (0,0,0))
((48,112,0) (63,127,15) (0,0,0))
((64,112,0) (79,127,15) (0,0,0))
((80,112,0) (95,127,15) (0,0,0))
((96,112,0) (111,127,15) (0,0,0))
((112,112,0) (127,127,15) (0,0,0))
((0,0,16) (15,15,31) (0,0,0))
((16,0,16) (31,15,31) (0,0,0))
((32,0,16) (47,15,31) (0,0,0))
((48,0,16) (63,15,31) (0,0,0))
((64,0,16) (79,15,31) (0,0,0))
((80,0,16) (95,15,31) (0,0,0))
((96,0,16) (111,15,31) (0,0,0))
((112,0,16) (127,15,31) (0,0,0))
((0,16,16) (15,31,31) (0,0,0))
((16,16,16) (31,31,31) (0,0,0))
((32,16,16) (47,31,31) (0,0,0))
((48,16,16) (63,31,31) (0,0,0))
((64,16,16) (79,31,31) (0,0,0))
((80,16,16) (95,31,31) (0,0,0))
((96,16,16) (111,31,31) (0,0,0))
((112,16,16) (127,31,31) (0,0,0))
((0,32,16) (15,47,31) (0,0,0))
((16,32,16) (31,47,31) (0,0,0))
((32,32,16) (47,47,31) (0,0,0))
((48,32,16) (63,47,31) (0,0,0))
((64,32,16) (79,47,31) (0,0,0))
((80,32,16) (95,47,31) (0,0,0))
((96,32,16) (111,47,31) (0,0,0))
((112,32,16) (127,47,31) (0,0,0))
((0,48,16) (15,63,31) (0,0,0))
((16,48,16) (31,63,31) (0,0,0))
((32,48,16) (47,63,31) (0,0,0))
((48,48,16) (63,63,31) (0,0,0))
((64,48,16) (79,63,31) (0,0,0))
((80,48,16) (95,63,31) (0,0,0))
((96,48,16) (111,63,31) (0,0,0))
((112,48,16) (127,63,31) (0,0,0))
((0,64,16) (15,79,31) (0,0,0))
((16,64,16) (31,79,31) (0,0,0))
((32,64,16) (47,79,31) (0,0,0))
((48,64,16) (63,79,31) (0,0,0))
((64,64,16) (79,79,31) (0,0,0))
((80,64,16) (95,79,31) (0,0,0))
((96,64,16) (111,79,31) (0,0,0))
((112,64,16) (127,79,31) (0,0,0))
((0,80,16) (15,95,31) (0,0,0))
((16,80,16) (31,95,31) (0,0,0))
((32,80,16) (47,95,31) (0,0,0))
((48,80,16) (63,95,31) (0,0,0))
((64,80,16) (79,95,31) (0,0,0))
((80,80,16) (95,95,31) (0,0,0))
((96,80,16) (111,95,31) (0,0,0))
((112,80,16) (127,95,31) (0,0,0))
((0,96,16) (15,111,31) (0,0,0))
((16,96,16) (31,111,31) (0,0,0))
((32,96,16) (47,111,31) (0,0,0))
((48,96,16) (63,111,31) (0,0,0))
((64,96,16) (79,111,31) (0,0,0))
((80,96,16) (95,111,31) (0,0,0))
((96,96,16) (111,111,31) (0,0,0))
((112,96,16) (127,111,31) (0,0,0))
((0,112,16) (15,127,31) (0,0,0))
((16,112,16) (31,127,31) (0,0,0))
((32,112,16) (47,127,31) (0,0,0))
((48,112,16) (63,127,31) (0,0,0))
((64,112,16) (79,127,31) (0,0,0))
((80,112,16) (95,127,31) (0,0,0))
((96,112,16) (111,127,31) (0,0,0))
((112,112,16) (127,127,31) (0,0,0))
((0,0,32) (15,15,47) (0,0,0))
((16,0,32) (31,15,47) (0,0,0))
((32,0,32) (47,15,47) (0,0,0))
((48,0,32) (63,15,47) (0,0,0))
((64,0,32) (79,15,47) (0,0,0))
((80,0,32) (95,15,47) (0,0,0))
((96,0,32) (111,15,47) (0,0,0))
((112,0,32) (127,15,47) (0,0,0))
((0,16,32) (15,31,47) (0,0,0))
((16,16,32) (31,31,47) (0,0,0))
((32,16,32) (47,31,47) (0,0,0))
((48,16,32) (63,31,47) (0,0,0))
((64,16,32) (79,31,47) (0,0,0))
((80,16,32) (95,31,47) (0,0,0))
((96,16,32) (111,31,47) (0,0,0))
((112,16,32) (127,31,47) (0,0,0))
((0,32,32) (15,47,47) (0,0,0))
((16,32,32) (31,47,47) (0,0,0))
((32,32,32) (47,47,47) (0,0,0))
((48,32,32) (63,47,47) (0,0,0))
((64,32,32) (79,47,47) (0,0,0))
((80,32,32) (95,47,47) (0,0,0))
((96,32,32) (111,47,47) (0,0,0))
((112,32,32) (127,47,47) (0,0,0))
((0,48,32) (15,63,47) (0,0,0))
((16,48,32) (31,63,47) (0,0,0))
((32,48,32) (47,63,47) (0,0,0))
((48,48,32) (63,63,47) (0,0,0))
((64,48,32) (79,63,47) (0,0,0))
((80,48,32) (95,63,47) (0,0,0))
((96,48,32) (111,63,47) (0,0,0))
((112,48,32) (127,63,47) (0,0,0))
((0,64,32) (15,79,47) (0,0,0))
((16,64,32) (31,79,47) (0,0,0))
((32,64,32) (47,79,47) (0,0,0))
((48,64,32) (63,79,47) (0,0,0))
((64,64,32) (79,79,47) (0,0,0))
((80,64,32) (95,79,47) (0,0,0))
((96,64,32) (111,79,47) (0,0,0))
((112,64,32) (127,79,47) (0,0,0))
((0,80,32) (15,95,47) (0,0,0))
((16,80,32) (31,95,47) (0,0,0))
((32,80,32) (47,95,47) (0,0,0))
((48,80,32) (63,95,47) (0,0,0))
((64,80,32) (79,95,47) (0,0,0))
((80,80,32) (95,95,47) (0,0,0))
((96,80,32) (111,95,47) (0,0,0))
((112,80,32) (127,95,47) (0,0,0))
((0,96,32) (15,111,47) (0,0,0))
((16,96,32) (31,111,47) (0,0,0))
((32,96,32) (47,111,47) (0,0,0))
((48,96,32) (63,111,47) (0,0,0))
((64,96,32) (79,111,47) (0,0,0))
((80,96,32) (95,111,47) (0,0,0))
((96,96,32) (111,111,47) (0,0,0))
((112,96,32) (127,111,47) (0,0,0))
((0,112,32) (15,127,47) (0,0,0))
((16,112,32) (31,127,47) (0,0,0))
((32,112,32) (47,127,47) (0,0,0))
((48,112,32) (63,127,47) (0,0,0))
((64,112,32) (79,127,47) (0,0,0))
((80,112,32) (95,127,47) (0,0,0))
((96,112,32) (111,127,47) (0,0,0))
((112,112,32) (127,127,47) (0,0,0))
((0,0,48) (15,15,63) (0,0,0))
((16,0,48) (31,15,63) (0,0,0))
((32,0,48) (47,15,63) (0,0,0))
((48,0,48) (63,15,63) (0,0,0))
((64,0,48) (79,15,63) (0,0,0))
((80,0,48) (95,15,63) (0,0,0))
((96,0,48) (111,15,63) (0,0,0))
((112,0,48) (127,15,63) (0,0,0))
((0,16,48) (15,31,63) (0,0,0))
((16,16,48) (31,31,63) (0,0,0))
((32,16,48) (47,31,63) (0,0,0))
((48,16,48) (63,31,63) (0,0,0))
((64,16,48) (79,31,63) (0,0,0))
((80,16,48) (95,31,63) (0,0,0))
((96,16,48) (111,31,63) (0,0,0))
((112,16,48) (127,31,63) (0,0,0))
((0,32,48) (15,47,63) (0,0,0))
((16,32,48) (31,47,63) (0,0,0))
((32,32,48) (47,47,63) (0,0,0))
((48,32,48) (63,47,63) (0,0,0))
((64,32,48) (79,47,63) (0,0,0))
((80,32,48) (95,47,63) (0,0,0))
((96,32,48) (111,47,63) (0,0,0))
((112,32,48) (127,47,63) (0,0,0))
((0,48,48) (15,63,63) (0,0,0))
((16,48,48) (31,63,63) (0,0,0))
((32,48,48) (47,63,63) (0,0,0))
((48,48,48) (63,63,63) (0,0,0))
((64,48,48) (79,63,63) (0,0,0))
((80,48,48) (95,63,63) (0,0,0))
((96,48,48) (111,63,63) (0,0,0))
((112,48,48) (127,63,63) (0,0,0))
((0,64,48) (15,79,63) (0,0,0))
((16,64,48) (31,79,63) (0,0,0))
((32,64,48) (47,79,63) (0,0,0))
((48,64,48) (63,79,63) (0,0,0))
((64,64,48) (79,79,63) (0,0,0))
((80,64,48) (95,79,63) (0,0,0))
((96,64,48) (111,79,63) (0,0,0))
((112,64,48) (127,79,63) (0,0,0))
((0,80,48) (15,95,63) (0,0,0))
((16,80,48) (31,95,63) (0,0,0))
((32,80,48) (47,95,63) (0,0,0))
((48,80,48) (63,95,63) (0,0,0))
((64,80,48) (79,95,63) (0,0,0))
((80,80,48) (95,95,63) (0,0,0))
((96,80,48) (111,95,63) (0,0,0))
((112,80,48) (127,95,63) (0,0,0))
((0,96,48) (15,111,63) (0,0,0))
((16,96,48) (31,111,63) (0,0,0))
((32,96,48) (47,111,63) (0,0,0))
((48,96,48) (63,111,63) (0,0,0))
((64,96,48) (79,111,63) (0,0,0))
((80,96,48) (95,111,63) (0,0,0))
((96,96,48) (111,111,63) (0,0,0))
((112,96,48) (127,111,63) (0,0,0))
((0,112,48) (15,127,63) (0,0,0))
((16,112,48) (31,127,63) (0,0,0))
((32,112,48) (47,127,63) (0,0,0))
((48,112,48) (63,127,63) (0,0,0))
((64,112,48) (79,127,63) (0,0,0))
((80,112,48) (95,127,63) (0,0,0))
((96,112,48) (111,127,63) (0,0,0))
((112,112,48) (127,127,63) (0,0,0))
((0,0,64) (15,15,79) (0,0,0))
((16,0,64) (31,15,79) (0,0,0))
((32,0,64) (47,15,79) (0,0,0))
((48,0,64) (63,15,79) (0,0,0))
((64,0,64) (79,15,79) (0,0,0))
((80,0,64) (95,15,79) (0,0,0))
((96,0,64) (111,15,79) (0,0,0))
((112,0,64) (127,15,79) (0,0,0))
((0,16,64) (15,31,79) (0,0,0))
((16,16,64) (31,31,79) (0,0,0))
((32,16,64) (47,31,79) (0,0,0))
((48,16,64) (63,31,79) (0,0,0))
((64,16,64) (79,31,79) (0,0,0))
((80,16,64) (95,31,79) (0,0,0))
((96,16,64) (111,31,79) (0,0,0))
((112,16,64) (127,31,79) (0,0,0))
((0,32,64) (15,47,79) (0,0,0))
((16,32,64) (31,47,79) (0,0,0))
((32,32,64) (47,47,79) (0,0,0))
((48,32,64) (63,47,79) (0,0,0))
((64,32,64) (79,47,79) (0,0,0))
((80,32,64) (95,47,79) (0,0,0))
((96,32,64) (111,47,79) (0,0,0))
((112,32,64) (127,47,79) (0,0,0))
((0,48,64) (15,63,79) (0,0,0))
((16,48,64) (31,63,79) (0,0,0))
((32,48,64) (47,63,79) (0,0,0))
((48,48,64) (63,63,79) (0,0,0))
((64,48,64) (79,63,79) (0,0,0))
((80,48,64) (95,63,79) (0,0,0))
((96,48,64) (111,63,79) (0,0,0))
((112,48,64) (127,63,79) (0,0,0))
((0,64,64) (15,79,79) (0,0,0))
((16,64,64) (31,79,79) (0,0,0))
((32,64,64) (47,79,79) (0,0,0))
((48,64,64) (63,79,79) (0,0,0))
((64,64,64) (79,79,79) (0,0,0))
((80,64,64) (95,79,79) (0,0,0))
((96,64,64) (111,79,79) (0,0,0))
((112,64,64) (127,79,79) (0,0,0))
((0,80,64) (15,95,79) (0,0,0))
((16,80,64) (31,95,79) (0,0,0))
((32,80,64) (47,95,79) (0,0,0))
((48,80,64) (63,95,79) (0,0,0))
((64,80,64) (79,95,79) (0,0,0))
((80,80,64) (95,95,79) (0,0,0))
((96,80,64) (111,95,79) (0,0,0))
((112,80,64) (127,95,79) (0,0,0))
((0,96,64) (15,111,79) (0,0,0))
((16,96,64) (31,111,79) (0,0,0))
((32,96,64) (47,111,79) (0,0,0))
((48,96,64) (63,111,79) (0,0,0))
((64,96,64) (79,111,79) (0,0,0))
((80,96,64) (95,111,79) (0,0,0))
((96,96,64) (111,111,79) (0,0,0))
((112,96,64) (127,111,79) (0,0,0))
((0,112,64) (15,127,79) (0,0,0))
((16,112,64) (31,127,79) (0,0,0))
((32,112,64) (47,127,79) (0,0,0))
((48,112,64) (63,127,79) (0,0,0))
((64,112,64) (79,127,79) (0,0,0))
((80,112,64) (95,127,79) (0,0,0))
((96,112,64) (111,127,79) (0,0,0))
((112,112,64) (127,127,79) (0,0,0))
((0,0,80) (15,15,95) (0,0,0))
((16,0,80) (31,15,95) (0,0,0))
((32,0,80) (47,15,95) (0,0,0))
((48,0,80) (63,15,95) (0,0,0))
((64,0,80) (79,15,95) (0,0,0))
((80,0,80) (95,15,95) (0,0,0))
((96,0,80) (111,15,95) (0,0,0))
((112,0,80) (127,15,95) (0,0,0))
((0,16,80) (15,31,95) (0,0,0))
((16,16,80) (31,31,95) (0,0,0))
((32,16,80) (47,31,95) (0,0,0))
((48,16,80) (63,31,95) (0,0,0))
((64,16,80) (79,31,95) (0,0,0))
((80,16,80) (95,31,95) (0,0,0))
((96,16,80) (111,31,95) (0,0,0))
((112,16,80) (127,31,95) (0,0,0))
((0,32,80) (15,47,95) (0,0,0))
((16,32,80) (31,47,95) (0,0,0))
((32,32,80) (47,47,95) (0,0,0))
((48,32,80) (63,47,95) (0,0,0))
((64,32,80) (79,47,95) (0,0,0))
((80,32,80) (95,47,95) (0,0,0))
((96,32,80) (111,47,95) (0,0,0))
((112,32,80) (127,47,95) (0,0,0))
((0,48,80) (15,63,95) (0,0,0))
((16,48,80) (31,63,95) (0,0,0))
((32,48,80) (47,63,95) (0,0,0))
((48,48,80) (63,63,95) (0,0,0))
((64,48,80) (79,63,95) (0,0,0))
((80,48,80) (95,63,95) (0,0,0))
((96,48,80) (111,63,95) (0,0,0))
((112,48,80) (127,63,95) (0,0,0))
((0,64,80) (15,79,95) (0,0,0))
((16,64,80) (31,79,95) (0,0,0))
((32,64,80) (47,79,95) (0,0,0))
((48,64,80) (63,79,95) (0,0,0))
((64,64,80) (79,79,95) (0,0,0))
((80,64,80) (95,79,95) (0,0,0))
((96,64,80) (111,79,95) (0,0,0))
((112,64,80) (127,79,95) (0,0,0))
((0,80,80) (15,95,95) (0,0,0))
((16,80,80) (31,95,95) (0,0,0))
((32,80,80) (47,95,95) (0,0,0))
((48,80,80) (63,95,95) (0,0,0))
((64,80,80) (79,95,95) (0,0,0))
((80,80,80) (95,95,95) (0,0,0))
((96,80,80) (111,95,95) (0,0,0))
((112,80,80) (127,95,95) (0,0,0))
((0,96,80) (15,111,95) (0,0,0))
((16,96,80) (31,111,95) (0,0,0))
((32,96,80) (47,111,95) (0,0,0))
((48,96,80) (63,111,95) (0,0,0))
((64,96,80) (79,111,95) (0,0,0))
((80,96,80) (95,111,95) (0,0,0))
((96,96,80) (111,111,95) (0,0,0))
((112,96,80) (127,111,95) (0,0,0))
((0,112,80) (15,127,95) (0,0,0))
((16,112,80) (31,127,95) (0,0,0))
((32,112,80) (47,127,95) (0,0,0))
((48,112,80) (63,127,95) (0,0,0))
((64,112,80) (79,127,95) (0,0,0))
((80,112,80) (95,127,95) (0,0,0))
((96,112,80) (111,127,95) (0,0,0))
((112,112,80) (127,127,95) (0,0,0))
((0,0,96) (15,15,111) (0,0,0))
((16,0,96) (31,15,111) (0,0,0))
((32,0,96) (47,15,111) (0,0,0))
((48,0,96) (63,15,111) (0,0,0))
((64,0,96) (79,15,111) (0,0,0))
((80,0,96) (95,15,111) (0,0,0))
((96,0,96) (111,15,111) (0,0,0))
((112,0,96) (127,15,111) (0,0,0))
((0,16,96) (15,31,111) (0,0,0))
((16,16,96) (31,31,111) (0,0,0))
((32,16,96) (47,31,111) (0,0,0))
((48,16,96) (63,31,111) (0,0,0))
((64,16,96) (79,31,111) (0,0,0))
((80,16,96) (95,31,111) (0,0,0))
((96,16,96) (111,31,111) (0,0,0))
((112,16,96) (127,31,111) (0,0,0))
((0,32,96) (15,47,111) (0,0,0))
((16,32,96) (31,47,111) (0,0,0))
((32,32,96) (47,47,111) (0,0,0))
((48,32,96) (63,47,111) (0,0,0))
((64,32,96) (79,47,111) (0,0,0))
((80,32,96) (95,47,111) (0,0,0))
((96,32,96) (111,47,111) (0,0,0))
((112,32,96) (127,47,111) (0,0,0))
((0,48,96) (15,63,111) (0,0,0))
((16,48,96) (31,63,111) (0,0,0))
((32,48,96) (47,63,111) (0,0,0))
((48,48,96) (63,63,111) (0,0,0))
((64,48,96) (79,63,111) (0,0,0))
((80,48,96) (95,63,111) (0,0,0))
((96,48,96) (111,63,111) (0,0,0))
((112,48,96) (127,63,111) (0,0,0))
((0,64,96) (15,79,111) (0,0,0))
((16,64,96) (31,79,111) (0,0,0))
((32,64,96) (47,79,111) (0,0,0))
((48,64,96) (63,79,111) (0,0,0))
((64,64,96) (79,79,111) (0,0,0))
((80,64,96) (95,79,111) (0,0,0))
((96,64,96) (111,79,111) (0,0,0))
((112,64,96) (127,79,111) (0,0,0))
((0,80,96) (15,95,111) (0,0,0))
((16,80,96) (31,95,111) (0,0,0))
((32,80,96) (47,95,111) (0,0,0))
((48,80,96) (63,95,111) (0,0,0))
((64,80,96) (79,95,111) (0,0,0))
((80,80,96) (95,95,111) (0,0,0))
((96,80,96) (111,95,111) (0,0,0))
((112,80,96) (127,95,111) (0,0,0))
((0,96,96) (15,111,111) (0,0,0))
((16,96,96) (31,111,111) (0,0,0))
((32,96,96) (47,111,111) (0,0,0))
((48,96,96) (63,111,111) (0,0,0))
((64,96,96) (79,111,111) (0,0,0))
((80,96,96) (95,111,111) (0,0,0))
((96,96,96) (111,111,111) (0,0,0))
((112,96,96) (127,111,111) (0,0,0))
((0,112,96) (15,127,111) (0,0,0))
((16,112,96) (31,127,111) (0,0,0))
((32,112,96) (47,127,111) (0,0,0))
((48,112,96) (63,127,111) (0,0,0))
((64,112,96) (79,127,111) (0,0,0))
((80,112,96) (95,127,111) (0,0,0))
((96,112,96) (111,127,111) (0,0,0))
((112,112,96) (127,127,111) (0,0,0))
((0,0,112) (15,15,127) (0,0,0))
((16,0,112) (31,15,127) (0,0,0))
((32,0,112) (47,15,127) (0,0,0))
((48,0,112) (63,15,127) (0,0,0))
((64,0,112) (79,15,127) (0,0,0))
((80,0,112) (95,15,127) (0,0,0))
((96,0,112) (111,15,127) (0,0,0))
((112,0,112) (127,15,127) (0,0,0))
((0,16,112) (15,31,127) (0,0,0))
((16,16,112) (31,31,127) (0,0,0))
((32,16,112) (47,31,127) (0,0,0))
((48,16,112) (63,31,127) (0,0,0))
((64,16,112) (79,31,127) (0,0,0))
((80,16,112) (95,31,127) (0,0,0))
((96,16,112) (111,31,127) (0,0,0))
((112,16,112) (127,31,127) (0,0,0))
((0,32,112) (15,47,127) (0,0,0))
((16,32,112) (31,47,127) (0,0,0))
((32,32,112) (47,47,127) (0,0,0))
((48,32,112) (63,47,127) (0,0,0))
((64,32,112) (79,47,127) (0,0,0))
((80,32,112) (95,47,127) (0,0,0))
((96,32,112) (111,47,127) (0,0,0))
((112,32,112) (127,47,127) (0,0,0))
((0,48,112) (15,63,127) (0,0,0))
((16,48,112) (31,63,127) (0,0,0))
((32,48,112) (47,63,127) (0,0,0))
((48,48,112) (63,63,127) (0,0,0))
((64,48,112) (79,63,127) (0,0,0))
((80,48,112) (95,63,127) (0,0,0))
((96,48,112) (111,63,127) (0,0,0))
((112,48,112) (127,63,127) (0,0,0))
((0,64,112) (15,79,127) (0,0,0))
((16,64,112) (31,79,127) (0,0,0))
((32,64,112) (47,79,127) (0,0,0))
((48,64,112) (63,79,127) (0,0,0))
((64,64,112) (79,79,127) (0,0,0))
((80,64,112) (95,79,127) (0,0,0))
((96,64,112) (111,79,127) (0,0,0))
((112,64,112) (127,79,127) (0,0,0))
((0,80,112) (15,95,127) (0,0,0))
((16,80,112) (31,95,127) (0,0,0))
((32,80,112) (47,95,127) (0,0,0))
((48,80,112) (63,95,127) (0,0,0))
((64,80,112) (79,95,127) (0,0,0))
((80,80,112) (95,95,127) (0,0,0))
((96,80,112) (111,95,127) (0,0,0))
((112,80,112) (127,95,127) (0,0,0))
((0,96,112) (15,111,127) (0,0,0))
((16,96,112) (31,111,127) (0,0,0))
((32,96,112) (47,111,127) (0,0,0))
((48,96,112) (63,111,127) (0,0,0))
((64,96,112) (79,111,127) (0,0,0))
((80,96,112) (95,111,127) (0,0,0))
((96,96,112) (111,111,127) (0,0,0))
((112,96,112) (127,111,127) (0,0,0))
((0,112,112) (15,127,127) (0,0,0))
((16,112,112) (31,127,127) (0,0,0))
((32,112,112) (47,127,127) (0,0,0))
((48,112,112) (63,127,127) (0,0,0))
((64,112,112) (79,127,127) (0,0,0))
((80,112,112) (95,127,127) (0,0,0))
((96,112,112) (111,127,127) (0,0,0))
((112,112,112) (127,127,127) (0,0,0))
)
512
FabOnDisk: Cell_D_00000 0
FabOnDisk: Cell_D_00000 65625
FabOnDisk: Cell_D_00000 131251
FabOnDisk: Cell_D_00000 196877
FabOnDisk: Cell_D_00001 0
FabOnDisk: Cell_D_00001 65626
FabOnDisk: Cell_D_00001 131252
FabOnDisk: Cell_D_00001 196879
FabOnDisk: Cell_D_00000 262503
FabOnDisk: Cell_D_00000 328129
FabOnDisk: Cell_D_00000 393756
FabOnDisk: Cell_D_00000 459383
FabOnDisk: Cell_D_00001 262507
FabOnDisk: Cell_D_00001 328134
FabOnDisk: Cell_D_00001 393761
FabOnDisk: Cell_D_00001 459389
FabOnDisk: Cell_D_00000 525010
FabOnDisk: Cell_D_00000 590636
FabOnDisk: Cell_D_00000 656263
FabOnDisk: Cell_D_00000 721890
FabOnDisk: Cell_D_00001 525018
FabOnDisk: Cell_D_00001 590645
FabOnDisk: Cell_D_00001 656272
FabOnDisk: Cell_D_00001 721900
FabOnDisk: Cell_D_00000 787517
FabOnDisk: Cell_D_00000 853143
FabOnDisk: Cell_D_00000 918770
FabOnDisk: Cell_D_00000 984397
FabOnDisk: Cell_D_00001 787529
FabOnDisk: Cell_D_00001 853156
FabOnDisk: Cell_D_00001 918783
FabOnDisk: Cell_D_00001 984411
FabOnDisk: Cell_D_00002 0
FabOnDisk: Cell_D_00002 65626
FabOnDisk: Cell_D_00002 131253
FabOnDisk: Cell_D_00002 196880
FabOnDisk: Cell_D_00003 0
FabOnDisk: Cell_D_00003 65627
FabOnDisk: Cell_D_00003 131254
FabOnDisk: Cell_D_00003 196882
FabOnDisk: Cell_D_00002 262507
FabOnDisk: Cell_D_00002 328133
FabOnDisk: Cell_D_00002 393760
FabOnDisk: Cell_D_00002 459387
FabOnDisk: Cell_D_00003 262511
FabOnDisk: Cell_D_00003 328138
FabOnDisk: Cell_D_00003 393765
FabOnDisk: Cell_D_00003 459393
FabOnDisk: Cell_D_00002 525014
FabOnDisk: Cell_D_00002 590641
FabOnDisk: Cell_D_00002 656269
FabOnDisk: Cell_D_00002 721897
FabOnDisk: Cell_D_00003 525022
FabOnDisk: Cell_D_00003 590650
FabOnDisk: Cell_D_00003 656278
FabOnDisk: Cell_D_00003 721907
FabOnDisk: Cell_D_00002 787525
FabOnDisk: Cell_D_00002 853153
FabOnDisk: Cell_D_00002 918782
FabOnDisk: Cell_D_00002 984411
FabOnDisk: Cell_D_00003 787537
FabOnDisk: Cell_D_00003 853166
FabOnDisk: Cell_D_00003 918795
FabOnDisk: Cell_D_00003 984425
FabOnDisk: Cell_D_00000 1050024
FabOnDisk: Cell_D_00000 1115650
FabOnDisk: Cell_D_00000 1181277
FabOnDisk: Cell_D_00000 1246904
FabOnDisk: Cell_D_00001 1050040
FabOnDisk: Cell_D_00001 1115667
FabOnDisk: Cell_D_00001 1181294
FabOnDisk: Cell_D_00001 1246922
FabOnDisk: Cell_D_00000 1312531
FabOnDisk: Cell_D_00000 1378158
FabOnDisk: Cell_D_00000 1443786
FabOnDisk: Cell_D_00000 1509414
FabOnDisk: Cell_D_00001 1312551
FabOnDisk: Cell_D_00001 1378179
FabOnDisk: Cell_D_00001 1443807
FabOnDisk: Cell_D_00001 1509436
FabOnDisk: Cell_D_00000 1575042
FabOnDisk: Cell_D_00000 1640669
FabOnDisk: Cell_D_00000 1706297
FabOnDisk: Cell_D_00000 1771925
FabOnDisk: Cell_D_00001 1575066
FabOnDisk: Cell_D_00001 1640694
FabOnDisk: Cell_D_00001 1706322
FabOnDisk: Cell_D_00001 1771951
FabOnDisk: Cell_D_00000 1837553
FabOnDisk: Cell_D_00000 1903180
FabOnDisk: Cell_D_00000 1968808
FabOnDisk: Cell_D_00000 2034436
FabOnDisk: Cell_D_00001 1837581
FabOnDisk: Cell_D_00001 1903209
FabOnDisk: Cell_D_00001 1968837
FabOnDisk: Cell_D_00001 2034466
FabOnDisk: Cell_D_00002 1050040
FabOnDisk: Cell_D_00002 1115667
FabOnDisk: Cell_D_00002 1181295
FabOnDisk: Cell_D_00002 1246923
FabOnDisk: Cell_D_00003 1050056
FabOnDisk: Cell_D_00003 1115684
FabOnDisk: Cell_D_00003 1181312
FabOnDisk: Cell_D_00003 1246941
FabOnDisk: Cell_D_00002 1312551
FabOnDisk: Cell_D_00002 1378178
FabOnDisk: Cell_D_00002 1443806
FabOnDisk: Cell_D_00002 1509434
FabOnDisk: Cell_D_00003 1312571
FabOnDisk: Cell_D_00003 1378199
FabOnDisk: Cell_D_00003 1443827
FabOnDisk: Cell_D_00003 1509456
FabOnDisk: Cell_D_00002 1575062
FabOnDisk: Cell_D_00002 1640690
FabOnDisk: Cell_D_00002 1706319
FabOnDisk: Cell_D_00002 1771948
FabOnDisk: Cell_D_00003 1575086
FabOnDisk: Cell_D_00003 1640715
FabOnDisk: Cell_D_00003 1706344
FabOnDisk: Cell_D_00003 1771974
FabOnDisk: Cell_D_00002 1837577
FabOnDisk: Cell_D_00002 1903206
FabOnDisk: Cell_D_00002 1968836
FabOnDisk: Cell_D_00002 2034466
FabOnDisk: Cell_D_00003 1837605
FabOnDisk: Cell_D_00003 1903235
FabOnDisk: Cell_D_00003 1968865
FabOnDisk: Cell_D_00003 2034496
FabOnDisk: Cell_D_00000 2100064
FabOnDisk: Cell_D_00000 2165690
FabOnDisk: Cell_D_00000 2231317
FabOnDisk: Cell_D_00000 2296944
FabOnDisk: Cell_D_00001 2100096
FabOnDisk: Cell_D_00001 2165723
FabOnDisk: Cell_D_00001 2231350
FabOnDisk: Cell_D_00001 2296978
FabOnDisk: Cell_D_00000 2362571
FabOnDisk: Cell_D_00000 2428198
FabOnDisk: Cell_D_00000 2493826
FabOnDisk: Cell_D_00000 2559454
FabOnDisk: Cell_D_00001 2362607
FabOnDisk: Cell_D_00001 2428235
FabOnDisk: Cell_D_00001 2493863
FabOnDisk: Cell_D_00001 2559492
FabOnDisk: Cell_D_00000 2625082
FabOnDisk: Cell_D_00000 2690709
FabOnDisk: Cell_D_00000 2756337
FabOnDisk: Cell_D_00000 2821965
FabOnDisk: Cell_D_00001 2625122
FabOnDisk: Cell_D_00001 2690750
FabOnDisk: Cell_D_00001 2756378
FabOnDisk: Cell_D_00001 2822007
FabOnDisk: Cell_D_00000 2887593
FabOnDisk: Cell_D_00000 2953220
FabOnDisk: Cell_D_00000 3018848
FabOnDisk: Cell_D_00000 3084476
FabOnDisk: Cell_D_00001 2887637
FabOnDisk: Cell_D_00001 2953265
FabOnDisk: Cell_D_00001 3018893
FabOnDisk: Cell_D_00001 3084522
FabOnDisk: Cell_D_00002 2100096
FabOnDisk: Cell_D_00002 2165723
FabOnDisk: Cell_D_00002 2231351
FabOnDisk: Cell_D_00002 2296979
FabOnDisk: Cell_D_00003 2100128
FabOnDisk: Cell_D_00003 2165756
FabOnDisk: Cell_D_00003 2231384
FabOnDisk: Cell_D_00003 2297013
FabOnDisk: Cell_D_00002 2362607
FabOnDisk: Cell_D_00002 2428234
FabOnDisk: Cell_D_00002 2493862
FabOnDisk: Cell_D_00002 2559490
FabOnDisk: Cell_D_00003 2362643
FabOnDisk: Cell_D_00003 2428271
FabOnDisk: Cell_D_00003 2493899
FabOnDisk: Cell_D_00003 2559528
FabOnDisk: Cell_D_00002 2625118
FabOnDisk: Cell_D_00002 2690746
FabOnDisk: Cell_D_00002 2756375
FabOnDisk: Cell_D_00002 2822004
FabOnDisk: Cell_D_00003 2625158
FabOnDisk: Cell_D_00003 2690787
FabOnDisk: Cell_D_00003 2756416
FabOnDisk: Cell_D_00003 2822046
FabOnDisk: Cell_D_00002 2887633
FabOnDisk: Cell_D_00002 2953262
FabOnDisk: Cell_D_00002 3018892
FabOnDisk: Cell_D_00002 3084522
FabOnDisk: Cell_D_00003 2887677
FabOnDisk: Cell_D_00003 2953307
FabOnDisk: Cell_D_00003 3018937
FabOnDisk: Cell_D_00003 3084568
FabOnDisk: Cell_D_00000 3150104
FabOnDisk: Cell_D_00000 3215730
FabOnDisk: Cell_D_00000 3281357
FabOnDisk: Cell_D_00000 3346984
FabOnDisk: Cell_D_00001 3150152
FabOnDisk: Cell_D_00001 3215779
FabOnDisk: Cell_D_00001 3281406
FabOnDisk: Cell_D_00001 3347034
FabOnDisk: Cell_D_00000 3412611
FabOnDisk: Cell_D_00000 3478238
FabOnDisk: Cell_D_00000 3543866
FabOnDisk: Cell_D_00000 3609494
FabOnDisk: Cell_D_00001 3412663
FabOnDisk: Cell_D_00001 3478291
FabOnDisk: Cell_D_00001 3543919
FabOnDisk: Cell_D_00001 3609548
FabOnDisk: Cell_D_00000 3675122
FabOnDisk: Cell_D_00000 3740749
FabOnDisk: Cell_D_00000 3806377
FabOnDisk: Cell_D_00000 3872005
FabOnDisk: Cell_D_00001 3675178
FabOnDisk: Cell_D_00001 3740806
FabOnDisk: Cell_D_00001 3806434
FabOnDisk: Cell_D_00001 3872063
FabOnDisk: Cell_D_00000 3937633
FabOnDisk: Cell_D_00000 4003260
FabOnDisk: Cell_D_00000 4068888
FabOnDisk: Cell_D_00000 4134516
FabOnDisk: Cell_D_00001 3937693
FabOnDisk: Cell_D_00001 4003321
FabOnDisk: Cell_D_00001 4068949
FabOnDisk: Cell_D_00001 4134578
FabOnDisk: Cell_D_00002 3150152
FabOnDisk: Cell_D_00002 3215779
FabOnDisk: Cell_D_00002 3281407
FabOnDisk: Cell_D_00002 3347035
FabOnDisk: Cell_D_00003 3150200
FabOnDisk: Cell_D_00003 3215828
FabOnDisk: Cell_D_00003 3281456
FabOnDisk: Cell_D_00003 3347085
FabOnDisk: Cell_D_00002 3412663
FabOnDisk: Cell_D_00002 3478290
FabOnDisk: Cell_D_00002 3543918
FabOnDisk: Cell_D_00002 3609546
FabOnDisk: Cell_D_00003 3412715
FabOnDisk: Cell_D_00003 3478343
FabOnDisk: Cell_D_00003 3543971
FabOnDisk: Cell_D_00003 3609600
FabOnDisk: Cell_D_00002 3675174
FabOnDisk: Cell_D_00002 3740802
FabOnDisk: Cell_D_00002 3806431
FabOnDisk: Cell_D_00002 3872060
FabOnDisk: Cell_D_00003 3675230
FabOnDisk: Cell_D_00003 3740859
FabOnDisk: Cell_D_00003 3806488
FabOnDisk: Cell_D_00003 3872118
FabOnDisk: Cell_D_00002 3937689
FabOnDisk: Cell_D_00002 4003318
FabOnDisk: Cell_D_00002 4068948
FabOnDisk: Cell_D_00002 4134578
FabOnDisk: Cell_D_00003 3937749
FabOnDisk: Cell_D_00003 4003379
FabOnDisk: Cell_D_00003 4069009
FabOnDisk: Cell_D_00003 4134640
FabOnDisk: Cell_D_00004 0
FabOnDisk: Cell_D_00004 65626
FabOnDisk: Cell_D_00004 131253
FabOnDisk: Cell_D_00004 196880
FabOnDisk: Cell_D_00005 0
FabOnDisk: Cell_D_00005 65627
FabOnDisk: Cell_D_00005 131254
FabOnDisk: Cell_D_00005 196882
FabOnDisk: Cell_D_00004 262507
FabOnDisk: Cell_D_00004 328134
FabOnDisk: Cell_D_00004 393762
FabOnDisk: Cell_D_00004 459390
FabOnDisk: Cell_D_00005 262511
FabOnDisk: Cell_D_00005 328139
FabOnDisk: Cell_D_00005 393767
FabOnDisk: Cell_D_00005 459396
FabOnDisk: Cell_D_00004 525018
FabOnDisk: Cell_D_00004 590645
FabOnDisk: Cell_D_00004 656273
FabOnDisk: Cell_D_00004 721901
FabOnDisk: Cell_D_00005 525026
FabOnDisk: Cell_D_00005 590654
FabOnDisk: Cell_D_00005 656282
FabOnDisk: Cell_D_00005 721911
FabOnDisk: Cell_D_00004 787529
FabOnDisk: Cell_D_00004 853156
FabOnDisk: Cell_D_00004 918784
FabOnDisk: Cell_D_00004 984412
FabOnDisk: Cell_D_00005 787541
FabOnDisk: Cell_D_00005 853169
FabOnDisk: Cell_D_00005 918797
FabOnDisk: Cell_D_00005 984426
FabOnDisk: Cell_D_00006 0
FabOnDisk: Cell_D_00006 65627
FabOnDisk: Cell_D_00006 131255
FabOnDisk: Cell_D_00006 196883
FabOnDisk: Cell_D_00007 0
FabOnDisk: Cell_D_00007 65628
FabOnDisk: Cell_D_00007 131256
FabOnDisk: Cell_D_00007 196885
FabOnDisk: Cell_D_00006 262511
FabOnDisk: Cell_D_00006 328138
FabOnDisk: Cell_D_00006 393766
FabOnDisk: Cell_D_00006 459394
FabOnDisk: Cell_D_00007 262515
FabOnDisk: Cell_D_00007 328143
FabOnDisk: Cell_D_00007 393771
FabOnDisk: Cell_D_00007 459400
FabOnDisk: Cell_D_00006 525022
FabOnDisk: Cell_D_00006 590650
FabOnDisk: Cell_D_00006 656279
FabOnDisk: Cell_D_00006 721908
FabOnDisk: Cell_D_00007 525030
FabOnDisk: Cell_D_00007 590659
FabOnDisk: Cell_D_00007 656288
FabOnDisk: Cell_D_00007 721918
FabOnDisk: Cell_D_00006 787537
FabOnDisk: Cell_D_00006 853166
FabOnDisk: Cell_D_00006 918796
FabOnDisk: Cell_D_00006 984426
FabOnDisk: Cell_D_00007 787549
FabOnDisk: Cell_D_00007 853179
FabOnDisk: Cell_D_00007 918809
FabOnDisk: Cell_D_00007 984440
FabOnDisk: Cell_D_00004 1050040
FabOnDisk: Cell_D_00004 1115666
FabOnDisk: Cell_D_00004 1181293
FabOnDisk: Cell_D_00004 1246920
FabOnDisk: Cell_D_00005 1050056
FabOnDisk: Cell_D_00005 1115683
FabOnDisk: Cell_D_00005 1181310
FabOnDisk: Cell_D_00005 1246938
FabOnDisk: Cell_D_00004 1312547
FabOnDisk: Cell_D_00004 1378174
FabOnDisk: Cell_D_00004 1443802
FabOnDisk: Cell_D_00004 1509430
FabOnDisk: Cell_D_00005 1312567
FabOnDisk: Cell_D_00005 1378195
FabOnDisk: Cell_D_00005 1443823
FabOnDisk: Cell_D_00005 1509452
FabOnDisk: Cell_D_00004 1575058
FabOnDisk: Cell_D_00004 1640685
FabOnDisk: Cell_D_00004 1706313
FabOnDisk: Cell_D_00004 1771941
FabOnDisk: Cell_D_00005 1575082
FabOnDisk: Cell_D_00005 1640710
FabOnDisk: Cell_D_00005 1706338
FabOnDisk: Cell_D_00005 1771967
FabOnDisk: Cell_D_00004 1837569
FabOnDisk: Cell_D_00004 1903196
FabOnDisk: Cell_D_00004 1968824
FabOnDisk: Cell_D_00004 2034452
FabOnDisk: Cell_D_00005 1837597
FabOnDisk: Cell_D_00005 1903225
FabOnDisk: Cell_D_00005 1968853
FabOnDisk: Cell_D_00005 2034482
FabOnDisk: Cell_D_00006 1050056
FabOnDisk: Cell_D_00006 1115683
FabOnDisk: Cell_D_00006 1181311
FabOnDisk: Cell_D_00006 1246939
FabOnDisk: Cell_D_00007 1050072
FabOnDisk: Cell_D_00007 1115700
FabOnDisk: Cell_D_00007 1181328
FabOnDisk: Cell_D_00007 1246957
FabOnDisk: Cell_D_00006 1312567
FabOnDisk: Cell_D_00006 1378194
FabOnDisk: Cell_D_00006 1443822
FabOnDisk: Cell_D_00006 1509450
FabOnDisk: Cell_D_00007 1312587
FabOnDisk: Cell_D_00007 1378215
FabOnDisk: Cell_D_00007 1443843
FabOnDisk: Cell_D_00007 1509472
FabOnDisk: Cell_D_00006 1575078
FabOnDisk: Cell_D_00006 1640706
FabOnDisk: Cell_D_00006 1706335
FabOnDisk: Cell_D_00006 1771964
FabOnDisk: Cell_D_00007 1575102
FabOnDisk: Cell_D_00007 1640731
FabOnDisk: Cell_D_00007 1706360
FabOnDisk: Cell_D_00007 1771990
FabOnDisk: Cell_D_00006 1837593
FabOnDisk: Cell_D_00006 1903222
FabOnDisk: Cell_D_00006 1968852
FabOnDisk: Cell_D_00006 2034482
FabOnDisk: Cell_D_00007 1837621
FabOnDisk: Cell_D_00007 1903251
FabOnDisk: Cell_D_00007 1968881
FabOnDisk: Cell_D_00007 2034512
FabOnDisk: Cell_D_00004 2100080
FabOnDisk: Cell_D_00004 2165707
FabOnDisk: Cell_D_00004 2231335
FabOnDisk: Cell_D_00004 2296963
FabOnDisk: Cell_D_00005 2100112
FabOnDisk: Cell_D_00005 2165740
FabOnDisk: Cell_D_00005 2231368
FabOnDisk: Cell_D_00005 2296997
FabOnDisk: Cell_D_00004 2362591
FabOnDisk: Cell_D_00004 2428219
FabOnDisk: Cell_D_00004 2493848
FabOnDisk: Cell_D_00004 2559477
FabOnDisk: Cell_D_00005 2362627
FabOnDisk: Cell_D_00005 2428256
FabOnDisk: Cell_D_00005 2493885
FabOnDisk: Cell_D_00005 2559515
FabOnDisk: Cell_D_00004 2625106
FabOnDisk: Cell_D_00004 2690734
FabOnDisk: Cell_D_00004 2756363
FabOnDisk: Cell_D_00004 2821992
FabOnDisk: Cell_D_00005 2625146
FabOnDisk: Cell_D_00005 2690775
FabOnDisk: Cell_D_00005 2756404
FabOnDisk: Cell_D_00005 2822034
FabOnDisk: Cell_D_00004 2887621
FabOnDisk: Cell_D_00004 2953249
FabOnDisk: Cell_D_00004 3018878
FabOnDisk: Cell_D_00004 3084507
FabOnDisk: Cell_D_00005 2887665
FabOnDisk: Cell_D_00005 2953294
FabOnDisk: Cell_D_00005 3018923
FabOnDisk: Cell_D_00005 3084553
FabOnDisk: Cell_D_00006 2100112
FabOnDisk: Cell_D_00006 2165740
FabOnDisk: Cell_D_00006 2231369
FabOnDisk: Cell_D_00006 2296998
FabOnDisk: Cell_D_00007 2100144
FabOnDisk: Cell_D_00007 2165773
FabOnDisk: Cell_D_00007 2231402
FabOnDisk: Cell_D_00007 2297032
FabOnDisk: Cell_D_00006 2362627
FabOnDisk: Cell_D_00006 2428255
FabOnDisk: Cell_D_00006 2493884
FabOnDisk: Cell_D_00006 2559513
FabOnDisk: Cell_D_00007 2362663
FabOnDisk: Cell_D_00007 2428292
FabOnDisk: Cell_D_00007 2493921
FabOnDisk: Cell_D_00007 2559551
FabOnDisk: Cell_D_00006 2625142
FabOnDisk: Cell_D_00006 2690771
FabOnDisk: Cell_D_00006 2756401
FabOnDisk: Cell_D_00006 2822031
FabOnDisk: Cell_D_00007 2625182
FabOnDisk: Cell_D_00007 2690812
FabOnDisk: Cell_D_00007 2756442
FabOnDisk: Cell_D_00007 2822073
FabOnDisk: Cell_D_00006 2887661
FabOnDisk: Cell_D_00006 2953291
FabOnDisk: Cell_D_00006 3018922
FabOnDisk: Cell_D_00006 3084553
FabOnDisk: Cell_D_00007 2887705
FabOnDisk: Cell_D_00007 2953336
FabOnDisk: Cell_D_00007 3018967
FabOnDisk: Cell_D_00007 3084599
FabOnDisk: Cell_D_00004 3150136
FabOnDisk: Cell_D_00004 3215764
FabOnDisk: Cell_D_00004 3281393
FabOnDisk: Cell_D_00004 3347022
FabOnDisk: Cell_D_00005 3150184
FabOnDisk: Cell_D_00005 3215813
FabOnDisk: Cell_D_00005 3281442
FabOnDisk: Cell_D_00005 3347072
FabOnDisk: Cell_D_00004 3412651
FabOnDisk: Cell_D_00004 3478280
FabOnDisk: Cell_D_00004 3543910
FabOnDisk: Cell_D_00004 3609540
FabOnDisk: Cell_D_00005 3412703
FabOnDisk: Cell_D_00005 3478333
FabOnDisk: Cell_D_00005 3543963
FabOnDisk: Cell_D_00005 3609594
FabOnDisk: Cell_D_00004 3675170
FabOnDisk: Cell_D_00004 3740799
FabOnDisk: Cell_D_00004 3806429
FabOnDisk: Cell_D_00004 3872059
FabOnDisk: Cell_D_00005 3675226
FabOnDisk: Cell_D_00005 3740856
FabOnDisk: Cell_D_00005 3806486
FabOnDisk: Cell_D_00005 3872117
FabOnDisk: Cell_D_00004 3937689
FabOnDisk: Cell_D_00004 4003318
FabOnDisk: Cell_D_00004 4068948
FabOnDisk: Cell_D_00004 4134578
FabOnDisk: Cell_D_00005 3937749
FabOnDisk: Cell_D_00005 4003379
FabOnDisk: Cell_D_00005 4069009
FabOnDisk: Cell_D_00005 4134640
FabOnDisk: Cell_D_00006 3150184
FabOnDisk: Cell_D_00006 3215813
FabOnDisk: Cell_D_00006 3281443
FabOnDisk: Cell_D_00006 3347073
FabOnDisk: Cell_D_00007 3150232
FabOnDisk: Cell_D_00007 3215862
FabOnDisk: Cell_D_00007 3281492
FabOnDisk: Cell_D_00007 3347123
FabOnDisk: Cell_D_00006 3412703
FabOnDisk: Cell_D_00006 3478332
FabOnDisk: Cell_D_00006 3543962
FabOnDisk: Cell_D_00006 3609592
FabOnDisk: Cell_D_00007 3412755
FabOnDisk: Cell_D_00007 3478385
FabOnDisk: Cell_D_00007 3544015
FabOnDisk: Cell_D_00007 3609646
FabOnDisk: Cell_D_00006 3675222
FabOnDisk: Cell_D_00006 3740852
FabOnDisk: Cell_D_00006 3806483
FabOnDisk: Cell_D_00006 3872114
FabOnDisk: Cell_D_00007 3675278
FabOnDisk: Cell_D_00007 3740909
FabOnDisk: Cell_D_00007 3806540
FabOnDisk: Cell_D_00007 3872172
FabOnDisk: Cell_D_00006 3937745
FabOnDisk: Cell_D_00006 4003376
FabOnDisk: Cell_D_00006 4069008
FabOnDisk: Cell_D_00006 4134640
FabOnDisk: Cell_D_00007 3937805
FabOnDisk: Cell_D_00007 4003437
FabOnDisk: Cell_D_00007 4069069
FabOnDisk: Cell_D_00007 4134702

512,2
1.0000000000000000e+00,1.0000000000000000e+00,
1.0000000000000000e+00,1.0000000000000000e+00,
1.0000000000000000e+00,1.0000000000000000e+00,
1.0000000000000000e+00,1.0000000000000000e+00,
1.0000000000000000e+00,1.0000000000000000e+00,
1.0000000000000000e+00,1.0000000000000000e+00,
1.0000000000000000e+00,1.0000000000000000e+00,
1.0000000000000000e+00,1.0000000000000000e+00,
1.0000000000000000e+00,1.0000000000000000e+00,
1.0000000000000000e+00,1.0000000000000000e+00,
1.0000000000000000e+00,1.0000000000000000e+00,
1.0000000000000000e+00,1.0000000000000000e+00,
1.0000000000000000e+00,1.0000000000000000e+00,
1.0000000000000000e+00,1.0000000000000000e+00,
1.0000000000000000e+00,1.0000000000000000e+00,
1.0000000000000000e+00,1.0000000000000000e+00,
1.0000000000000000e+00,1.0000000000000000e+00,
1.0000000000000000e+00,1.0000000000000000e+00,
1.0000000000000000e+00,1.0000000000000000e+00,
1.0000000000000000e+00,1.0000000000000000e+00,
1.0000000000000000e+00,1.0000000000000000e+00,
1.0000000000000000e+00,1.0000000000000000e+00,
1.0000000000000000e+00,1.0000000000000000e+00,
1.0000000000000000e+00,1.0000000000000000e+00,
1.0000000000000000e+00,1.0000000000000000e+00,
1.0000000000000000e+00,1.0000000000000000e+00,
1.0000000000000000e+00,1.0000000000000000e+00,
1.0000000000000000e+00,1.0000000000000000e+00,
1.0000000000000000e+00,1.0000000000000000e+00,
1.0000000000000000e+00,1.0000000000000000e+00,
1.0000000000000000e+00,1.0000000000000000e+00,
1.0000000000000000e+00,1.0000000000000000e+00,
1.0000000000000000e+00,1.0000000000000000e+00,
1.0000000000000000e+00,1.0000000000000000e+00,
1.0000000000000000e+00,1.0000000000000000e+00,
1.0000000000000000e+00,1.0000000000000000e+00,
1.0000000000000000e+00,1.0000000000000000e+00,
1.0000000000000000e+00,1.0000000000000000e+00,
1.0000000000000000e+00,1.0000000000000000e+00,
1.0000000000000000e+00,1.0000000000000000e+00,
1.0000000000000000e+00,1.0000000000000000e+00,
1.0000000000000000e+00,1.0000000000000000e+00,
1.0000000000000000e+00,1.0000000000000000e+00,
1.0000000000000000e+00,1.0000000000000000e+00,
1.0000000000000000e+00,1.0000000000000000e+00,
1.0000000000000000e+00,1.0000000000000000e+00,
1.0000000000000000e+00,1.0000000000000000e+00,
1.0000000000000000e+00,1.0000000000000000e+00,
1.0000000000000000e+00,1.0000000000000000e+00,
1.0000000000000000e+00,1.0000000000000000e+00,
1.0000000000000000e+00,1.0000000000000000e+00,
1.0000000000000000e+00,1.0000000000000000e+00,
1.0000000000000000e+00,1.0000000000000000e+00,
1.0000000000000000e+00,1.0000000000000000e+00,
1.0000000000000000e+00,1.0000000000000000e+00,
1.0000000000000000e+00,1.0000000000000000e+00,
1.0000000000000000e+00,1.0000000000000000e+00,
1.0000000000000000e+00,1.0000000000000000e+00,
1.0000000000000000e+00,1.0000000000000000e+00,
1.0000000000000000e+00,1.0000000000000000e+00,
1.0000000000000000e+00,1.0000000000000000e+00,
1.0000000000000000e+00,1.0000000000000000e+00,
1.0000000000000000e+00,1.0000000000000000e+00,
1.0000000000000000e+00,1.0000000000000000e+00,
1.0000000000000000e+00,1.0000000000000000e+00,
1.0000000000000000e+00,1.0000000000000000e+00,
1.0000000000000000e+00,1.0000000000000000e+00,
1.0000000000000000e+00,1.0000000000000000e+00,
1.0000000000000000e+00,1.0000000000000000e+00,
1.0000000000000000e+00,1.0000000000000000e+00,
1.0000000000000000e+00,1.0000000000000000e+00,
1.0000000000000000e+00,1.0000000000000000e+00,
1.0000000000000000e+00,1.0000000000000000e+00,
1.0000000000000000e+00,1.0000000000000000e+00,
1.0000000000000000e+00,1.0000000000000000e+00,
1.0000000000000000e+00,1.0000000000000000e+00,
1.0000000000000000e+00,1.0000000000000000e+00,
1.0000000000000000e+00,1.0000000000000000e+00,
1.0000000000000000e+00,1.0000000000000000e+00,
1.0000000000000000e+00,1.0000000000000000e+00,
1.0000000000000000e+00,1.0000000000000000e+00,
1.0000000000000000e+00,1.0000000000000000e+00,
1.0000000000000000e+00,5.7678909301535275e-01,
1.0000000000000000e+00,8.8698503953224217e-01,
1.0000000000000000e+00,9.6410861662647640e-01,
1.0000000000000000e+00,5.7670898437547313e-01,
1.0000000000000000e+00,9.1884725516300936e-01,
1.0000000000000000e+00,1.0000000000000000e+00,
1.0000000000000000e+00,1.0000000000000000e+00,
1.0000000000000000e+00,1.0000000000000000e+00,
1.0000000000000000e+00,0.0000000000000000e+00,
1.0000000000000000e+00,0.0000000000000000e+00,
1.0000000000000000e+00,0.0000000000000000e+00,
1.0000000000000000e+00,0.0000000000000000e+00,
1.0000000000000000e+00,8.3808761084829908e-01,
1.0000000000000000e+00,1.0000000000000000e+00,
1.0000000000000000e+00,1.0000000000000000e+00,
1.0000000000000000e+00,1.0000000000000000e+00,
1.0000000000000000e+00,0.0000000000000000e+00,
1.0000000000000000e+00,0.0000000000000000e+00,
1.0000000000000000e+00,0.0000000000000000e+00,
1.0000000000000000e+00,3.5661621201916044e-03,
1.0000000000000000e+00,1.0000000000000000e+00,
1.0000000000000000e+00,1.0000000000000000e+00,
1.0000000000000000e+00,1.0000000000000000e+00,
1.0000000000000000e+00,1.0000000000000000e+00,
1.0000000000000000e+00,1.0000000000000000e+00,
1.0000000000000000e+00,1.0000000000000000e+00,
1.0000000000000000e+00,1.0000000000000000e+00,
1.0000000000000000e+00,1.0000000000000000e+00,
1.0000000000000000e+00,1.0000000000000000e+00,
1.0000000000000000e+00,1.0000000000000000e+00,
1.0000000000000000e+00,1.0000000000000000e+00,
1.0000000000000000e+00,1.0000000000000000e+00,
1.0000000000000000e+00,1.0000000000000000e+00,
1.0000000000000000e+00,1.0000000000000000e+00,
1.0000000000000000e+00,1.0000000000000000e+00,
1.0000000000000000e+00,1.0000000000000000e+00,
1.0000000000000000e+00,1.0000000000000000e+00,
1.0000000000000000e+00,1.0000000000000000e+00,
1.0000000000000000e+00,1.0000000000000000e+00,
1.0000000000000000e+00,1.0000000000000000e+00,
1.0000000000000000e+00,1.0000000000000000e+00,
1.0000000000000000e+00,1.0000000000000000e+00,
1.0000000000000000e+00,1.0000000000000000e+00,
1.0000000000000000e+00,1.0000000000000000e+00,
1.0000000000000000e+00,1.0000000000000000e+00,
1.0000000000000000e+00,1.0000000000000000e+00,
1.0000000000000000e+00,1.0000000000000000e+00,
1.0000000000000000e+00,1.0000000000000000e+00,
1.0000000000000000e+00,1.0000000000000000e+00,
1.0000000000000000e+00,1.0000000000000000e+00,
1.0000000000000000e+00,1.0000000000000000e+00,
1.0000000000000000e+00,1.0000000000000000e+00,
1.0000000000000000e+00,1.0000000000000000e+00,
1.0000000000000000e+00,1.0000000000000000e+00,
1.0000000000000000e+00,1.0000000000000000e+00,
1.0000000000000000e+00,1.0000000000000000e+00,
1.0000000000000000e+00,1.0000000000000000e+00,
1.0000000000000000e+00,1.0000000000000000e+00,
1.0000000000000000e+00,1.0000000000000000e+00,
1.0000000000000000e+00,1.0000000000000000e+00,
1.0000000000000000e+00,1.0000000000000000e+00,
1.0000000000000000e+00,1.0000000000000000e+00,
1.0000000000000000e+00,1.0000000000000000e+00,
1.0000000000000000e+00,5.9884033203207154e-01,
1.0000000000000000e+00,0.0000000000000000e+00,
1.0000000000000000e+00,0.0000000000000000e+00,
1.0000000000000000e+00,0.0000000000000000e+00,
1.0000000000000000e+00,0.0000000000000000e+00,
1.0000000000000000e+00,0.0000000000000000e+00,
1.0000000000000000e+00,1.0000000000000000e+00,
1.0000000000000000e+00,1.0000000000000000e+00,
1.0000000000000000e+00,0.0000000000000000e+00,
1.0000000000000000e+00,0.0000000000000000e+00,
1.0000000000000000e+00,0.0000000000000000e+00,
1.0000000000000000e+00,0.0000000000000000e+00,
1.0000000000000000e+00,0.0000000000000000e+00,
1.0000000000000000e+00,0.0000000000000000e+00,
1.0000000000000000e+00,1.0000000000000000e+00,
1.0000000000000000e+00,1.0000000000000000e+00,
1.0000000000000000e+00,0.0000000000000000e+00,
1.0000000000000000e+00,0.0000000000000000e+00,
1.0000000000000000e+00,0.0000000000000000e+00,
1.0000000000000000e+00,0.0000000000000000e+00,
1.0000000000000000e+00,0.0000000000000000e+00,
1.0000000000000000e+00,0.0000000000000000e+00,
1.0000000000000000e+00,1.0000000000000000e+00,
1.0000000000000000e+00,1.0000000000000000e+00,
1.0000000000000000e+00,1.0000000000000000e+00,
1.0000000000000000e+00,0.0000000000000000e+00,
1.0000000000000000e+00,0.0000000000000000e+00,
1.0000000000000000e+00,0.0000000000000000e+00,
1.0000000000000000e+00,1.0000000000000000e+00,
1.0000000000000000e+00,1.0000000000000000e+00,
1.0000000000000000e+00,1.0000000000000000e+00,
1.0000000000000000e+00,1.0000000000000000e+00,
1.0000000000000000e+00,1.0000000000000000e+00,
1.0000000000000000e+00,1.0000000000000000e+00,
1.0000000000000000e+00,1.0000000000000000e+00,
1.0000000000000000e+00,1.0000000000000000e+00,
1.0000000000000000e+00,1.0000000000000000e+00,
1.0000000000000000e+00,1.0000000000000000e+00,
1.0000000000000000e+00,1.0000000000000000e+00,
1.0000000000000000e+00,1.0000000000000000e+00,
1.0000000000000000e+00,1.0000000000000000e+00,
1.0000000000000000e+00,1.0000000000000000e+00,
1.0000000000000000e+00,1.0000000000000000e+00,
1.0000000000000000e+00,1.0000000000000000e+00,
1.0000000000000000e+00,1.0000000000000000e+00,
1.0000000000000000e+00,1.0000000000000000e+00,
1.0000000000000000e+00,1.0000000000000000e+00,
1.0000000000000000e+00,1.0000000000000000e+00,
1.0000000000000000e+00,1.0000000000000000e+00,
1.0000000000000000e+00,1.0000000000000000e+00,
1.0000000000000000e+00,1.0000000000000000e+00,
1.0000000000000000e+00,1.0000000000000000e+00,
1.0000000000000000e+00,1.0000000000000000e+00,
1.0000000000000000e+00,1.0000000000000000e+00,
1.0000000000000000e+00,1.0000000000000000e+00,
1.0000000000000000e+00,1.0000000000000000e+00,
1.0000000000000000e+00,1.0000000000000000e+00,
1.0000000000000000e+00,1.0000000000000000e+00,
1.0000000000000000e+00,1.0000000000000000e+00,
1.0000000000000000e+00,1.0000000000000000e+00,
1.0000000000000000e+00,1.0000000000000000e+00,
1.0000000000000000e+00,1.0000000000000000e+00,
1.0000000000000000e+00,1.0000000000000000e+00,
1.0000000000000000e+00,1.0000000000000000e+00,
1.0000000000000000e+00,6.0214614868651228e-01,
1.0000000000000000e+00,1.6095008804739094e-01,
1.0000000000000000e+00,0.0000000000000000e+00,
1.0000000000000000e+00,0.0000000000000000e+00,
1.0000000000000000e+00,1.4286804201081289e-02,
1.0000000000000000e+00,0.0000000000000000e+00,
1.0000000000000000e+00,1.0000000000000000e+00,
1.0000000000000000e+00,1.0000000000000000e+00,
1.0000000000000000e+00,0.0000000000000000e+00,
1.0000000000000000e+00,0.0000000000000000e+00,
1.0000000000000000e+00,0.0000000000000000e+00,
1.0000000000000000e+00,0.0000000000000000e+00,
1.0000000000000000e+00,0.0000000000000000e+00,
1.0000000000000000e+00,0.0000000000000000e+00,
1.0000000000000000e+00,1.0000000000000000e+00,
1.0000000000000000e+00,1.0000000000000000e+00,
1.0000000000000000e+00,0.0000000000000000e+00,
1.0000000000000000e+00,0.0000000000000000e+00,
1.0000000000000000e+00,0.0000000000000000e+00,
1.0000000000000000e+00,0.0000000000000000e+00,
1.0000000000000000e+00,0.0000000000000000e+00,
1.0000000000000000e+00,0.0000000000000000e+00,
1.0000000000000000e+00,1.0000000000000000e+00,
1.0000000000000000e+00,1.0000000000000000e+00,
1.0000000000000000e+00,1.0000000000000000e+00,
1.0000000000000000e+00,0.0000000000000000e+00,
1.0000000000000000e+00,0.0000000000000000e+00,
1.0000000000000000e+00,0.0000000000000000e+00,
1.0000000000000000e+00,1.0000000000000000e+00,
1.0000000000000000e+00,1.0000000000000000e+00,
1.0000000000000000e+00,1.0000000000000000e+00,
1.0000000000000000e+00,1.0000000000000000e+00,
1.0000000000000000e+00,1.0000000000000000e+00,
1.0000000000000000e+00,1.0000000000000000e+00,
1.0000000000000000e+00,1.0000000000000000e+00,
1.0000000000000000e+00,1.0000000000000000e+00,
1.0000000000000000e+00,1.0000000000000000e+00,
1.0000000000000000e+00,1.0000000000000000e+00,
1.0000000000000000e+00,1.0000000000000000e+00,
1.0000000000000000e+00,1.0000000000000000e+00,
1.0000000000000000e+00,1.0000000000000000e+00,
1.0000000000000000e+00,1.0000000000000000e+00,
1.0000000000000000e+00,1.0000000000000000e+00,
1.0000000000000000e+00,1.0000000000000000e+00,
1.0000000000000000e+00,1.0000000000000000e+00,
1.0000000000000000e+00,1.0000000000000000e+00,
1.0000000000000000e+00,1.0000000000000000e+00,
1.0000000000000000e+00,1.0000000000000000e+00,
1.0000000000000000e+00,1.0000000000000000e+00,
1.0000000000000000e+00,1.0000000000000000e+00,
1.0000000000000000e+00,1.0000000000000000e+00,
1.0000000000000000e+00,1.0000000000000000e+00,
1.0000000000000000e+00,1.0000000000000000e+00,
1.0000000000000000e+00,1.0000000000000000e+00,
1.0000000000000000e+00,1.0000000000000000e+00,
1.0000000000000000e+00,1.0000000000000000e+00,
1.0000000000000000e+00,1.0000000000000000e+00,
1.0000000000000000e+00,1.0000000000000000e+00,
1.0000000000000000e+00,1.0000000000000000e+00,
1.0000000000000000e+00,1.0000000000000000e+00,
1.0000000000000000e+00,1.0000000000000000e+00,
1.0000000000000000e+00,1.0000000000000000e+00,
1.0000000000000000e+00,1.0000000000000000e+00,
1.0000000000000000e+00,1.0000000000000000e+00,
1.0000000000000000e+00,6.0173721313341477e-01,
1.0000000000000000e+00,1.6066474869108044e-01,
1.0000000000000000e+00,0.0000000000000000e+00,
1.0000000000000000e+00,0.0000000000000000e+00,
1.0000000000000000e+00,3.7273406983513786e-02,
1.0000000000000000e+00,0.0000000000000000e+00,
1.0000000000000000e+00,1.0000000000000000e+00,
1.0000000000000000e+00,1.0000000000000000e+00,
1.0000000000000000e+00,0.0000000000000000e+00,
1.0000000000000000e+00,0.0000000000000000e+00,
1.0000000000000000e+00,0.0000000000000000e+00,
1.0000000000000000e+00,0.0000000000000000e+00,
1.0000000000000000e+00,0.0000000000000000e+00,
1.0000000000000000e+00,0.0000000000000000e+00,
1.0000000000000000e+00,1.0000000000000000e+00,
1.0000000000000000e+00,1.0000000000000000e+00,
1.0000000000000000e+00,0.0000000000000000e+00,
1.0000000000000000e+00,0.0000000000000000e+00,
1.0000000000000000e+00,0.0000000000000000e+00,
1.0000000000000000e+00,0.0000000000000000e+00,
1.0000000000000000e+00,0.0000000000000000e+00,
1.0000000000000000e+00,0.0000000000000000e+00,
1.0000000000000000e+00,1.0000000000000000e+00,
1.0000000000000000e+00,1.0000000000000000e+00,
1.0000000000000000e+00,1.0000000000000000e+00,
1.0000000000000000e+00,0.0000000000000000e+00,
1.0000000000000000e+00,0.0000000000000000e+00,
1.0000000000000000e+00,0.0000000000000000e+00,
1.0000000000000000e+00,1.0000000000000000e+00,
1.0000000000000000e+00,1.0000000000000000e+00,
1.0000000000000000e+00,1.0000000000000000e+00,
1.0000000000000000e+00,1.0000000000000000e+00,
1.0000000000000000e+00,1.0000000000000000e+00,
1.0000000000000000e+00,1.0000000000000000e+00,
1.0000000000000000e+00,1.0000000000000000e+00,
1.0000000000000000e+00,1.0000000000000000e+00,
1.0000000000000000e+00,1.0000000000000000e+00,
1.0000000000000000e+00,1.0000000000000000e+00,
1.0000000000000000e+00,1.0000000000000000e+00,
1.0000000000000000e+00,1.0000000000000000e+00,
1.0000000000000000e+00,1.0000000000000000e+00,
1.0000000000000000e+00,1.0000000000000000e+00,
1.0000000000000000e+00,1.0000000000000000e+00,
1.0000000000000000e+00,1.0000000000000000e+00,
1.0000000000000000e+00,1.0000000000000000e+00,
1.0000000000000000e+00,1.0000000000000000e+00,
1.0000000000000000e+00,1.0000000000000000e+00,
1.0000000000000000e+00,1.0000000000000000e+00,
1.0000000000000000e+00,1.0000000000000000e+00,
1.0000000000000000e+00,1.0000000000000000e+00,
1.0000000000000000e+00,1.0000000000000000e+00,
1.0000000000000000e+00,1.0000000000000000e+00,
1.0000000000000000e+00,1.0000000000000000e+00,
1.0000000000000000e+00,1.0000000000000000e+00,
1.0000000000000000e+00,1.0000000000000000e+00,
1.0000000000000000e+00,1.0000000000000000e+00,
1.0000000000000000e+00,1.0000000000000000e+00,
1.0000000000000000e+00,1.0000000000000000e+00,
1.0000000000000000e+00,1.0000000000000000e+00,
1.0000000000000000e+00,1.0000000000000000e+00,
1.0000000000000000e+00,1.0000000000000000e+00,
1.0000000000000000e+00,1.0000000000000000e+00,
1.0000000000000000e+00,1.0000000000000000e+00,
1.0000000000000000e+00,1.0000000000000000e+00,
1.0000000000000000e+00,5.9878463745300670e-01,
1.0000000000000000e+00,0.0000000000000000e+00,
1.0000000000000000e+00,0.0000000000000000e+00,
1.0000000000000000e+00,0.0000000000000000e+00,
1.0000000000000000e+00,0.0000000000000000e+00,
1.0000000000000000e+00,0.0000000000000000e+00,
1.0000000000000000e+00,1.0000000000000000e+00,
1.0000000000000000e+00,1.0000000000000000e+00,
1.0000000000000000e+00,0.0000000000000000e+00,
1.0000000000000000e+00,0.0000000000000000e+00,
1.0000000000000000e+00,0.0000000000000000e+00,
1.0000000000000000e+00,0.0000000000000000e+00,
1.0000000000000000e+00,0.0000000000000000e+00,
1.0000000000000000e+00,0.0000000000000000e+00,
1.0000000000000000e+00,1.0000000000000000e+00,
1.0000000000000000e+00,1.0000000000000000e+00,
1.0000000000000000e+00,0.0000000000000000e+00,
1.0000000000000000e+00,0.0000000000000000e+00,
1.0000000000000000e+00,0.0000000000000000e+00,
1.0000000000000000e+00,0.0000000000000000e+00,
1.0000000000000000e+00,0.0000000000000000e+00,
1.0000000000000000e+00,0.0000000000000000e+00,
1.0000000000000000e+00,1.0000000000000000e+00,
1.0000000000000000e+00,1.0000000000000000e+00,
1.0000000000000000e+00,1.0000000000000000e+00,
1.0000000000000000e+00,0.0000000000000000e+00,
1.0000000000000000e+00,0.0000000000000000e+00,
1.0000000000000000e+00,0.0000000000000000e+00,
1.0000000000000000e+00,9.9766687991017133e-01,
1.0000000000000000e+00,1.0000000000000000e+00,
1.0000000000000000e+00,1.0000000000000000e+00,
1.0000000000000000e+00,1.0000000000000000e+00,
1.0000000000000000e+00,1.0000000000000000e+00,
1.0000000000000000e+00,1.0000000000000000e+00,
1.0000000000000000e+00,1.0000000000000000e+00,
1.0000000000000000e+00,1.0000000000000000e+00,
1.0000000000000000e+00,1.0000000000000000e+00,
1.0000000000000000e+00,1.0000000000000000e+00,
1.0000000000000000e+00,1.0000000000000000e+00,
1.0000000000000000e+00,1.0000000000000000e+00,
1.0000000000000000e+00,1.0000000000000000e+00,
1.0000000000000000e+00,1.0000000000000000e+00,
1.0000000000000000e+00,1.0000000000000000e+00,
1.0000000000000000e+00,1.0000000000000000e+00,
1.0000000000000000e+00,1.0000000000000000e+00,
1.0000000000000000e+00,1.0000000000000000e+00,
1.0000000000000000e+00,1.0000000000000000e+00,
1.0000000000000000e+00,1.0000000000000000e+00,
1.0000000000000000e+00,1.0000000000000000e+00,
1.0000000000000000e+00,1.0000000000000000e+00,
1.0000000000000000e+00,1.0000000000000000e+00,
1.0000000000000000e+00,1.0000000000000000e+00,
1.0000000000000000e+00,1.0000000000000000e+00,
1.0000000000000000e+00,1.0000000000000000e+00,
1.0000000000000000e+00,1.0000000000000000e+00,
1.0000000000000000e+00,1.0000000000000000e+00,
1.0000000000000000e+00,1.0000000000000000e+00,
1.0000000000000000e+00,1.0000000000000000e+00,
1.0000000000000000e+00,1.0000000000000000e+00,
1.0000000000000000e+00,1.0000000000000000e+00,
1.0000000000000000e+00,1.0000000000000000e+00,
1.0000000000000000e+00,1.0000000000000000e+00,
1.0000000000000000e+00,1.0000000000000000e+00,
1.0000000000000000e+00,1.0000000000000000e+00,
1.0000000000000000e+00,1.0000000000000000e+00,
1.0000000000000000e+00,5.7679595947152085e-01,
1.0000000000000000e+00,8.8698195676354419e-01,
1.0000000000000000e+00,9.2304665222963567e-01,
1.0000000000000000e+00,5.7671051025338338e-01,
1.0000000000000000e+00,9.1884620791142202e-01,
1.0000000000000000e+00,1.0000000000000000e+00,
1.0000000000000000e+00,1.0000000000000000e+00,
1.0000000000000000e+00,1.0000000000000000e+00,
1.0000000000000000e+00,0.0000000000000000e+00,
1.0000000000000000e+00,0.0000000000000000e+00,
1.0000000000000000e+00,0.0000000000000000e+00,
1.0000000000000000e+00,0.0000000000000000e+00,
1.0000000000000000e+00,8.3986270786842454e-01,
1.0000000000000000e+00,1.0000000000000000e+00,
1.0000000000000000e+00,1.0000000000000000e+00,
1.0000000000000000e+00,1.0000000000000000e+00,
1.0000000000000000e+00,0.0000000000000000e+00,
1.0000000000000000e+00,0.0000000000000000e+00,
1.0000000000000000e+00,0.0000000000000000e+00,
1.0000000000000000e+00,0.0000000000000000e+00,
1.0000000000000000e+00,1.0000000000000000e+00,
1.0000000000000000e+00,1.0000000000000000e+00,
1.0000000000000000e+00,1.0000000000000000e+00,
1.0000000000000000e+00,1.0000000000000000e+00,
1.0000000000000000e+00,1.0000000000000000e+00,
1.0000000000000000e+00,1.0000000000000000e+00,
1.0000000000000000e+00,1.0000000000000000e+00,
1.0000000000000000e+00,1.0000000000000000e+00,
1.0000000000000000e+00,1.0000000000000000e+00,
1.0000000000000000e+00,1.0000000000000000e+00,
1.0000000000000000e+00,1.0000000000000000e+00,
1.0000000000000000e+00,1.0000000000000000e+00,
1.0000000000000000e+00,1.0000000000000000e+00,
1.0000000000000000e+00,1.0000000000000000e+00,
1.0000000000000000e+00,1.0000000000000000e+00,
1.0000000000000000e+00,1.0000000000000000e+00,
1.0000000000000000e+00,1.0000000000000000e+00,
1.0000000000000000e+00,1.0000000000000000e+00,
1.0000000000000000e+00,1.0000000000000000e+00,
1.0000000000000000e+00,1.0000000000000000e+00,
1.0000000000000000e+00,1.0000000000000000e+00,
1.0000000000000000e+00,1.0000000000000000e+00,
1.0000000000000000e+00,1.0000000000000000e+00,
1.0000000000000000e+00,1.0000000000000000e+00,
1.0000000000000000e+00,1.0000000000000000e+00,
1.0000000000000000e+00,1.0000000000000000e+00,
1.0000000000000000e+00,1.0000000000000000e+00,
1.0000000000000000e+00,1.0000000000000000e+00,
1.0000000000000000e+00,1.0000000000000000e+00,
1.0000000000000000e+00,1.0000000000000000e+00,
1.0000000000000000e+00,1.0000000000000000e+00,
1.0000000000000000e+00,1.0000000000000000e+00,
1.0000000000000000e+00,1.0000000000000000e+00,
1.0000000000000000e+00,1.0000000000000000e+00,
1.0000000000000000e+00,1.0000000000000000e+00,
1.0000000000000000e+00,1.0000000000000000e+00,
1.0000000000000000e+00,1.0000000000000000e+00,
1.0000000000000000e+00,1.0000000000000000e+00,
1.0000000000000000e+00,1.0000000000000000e+00,
1.0000000000000000e+00,1.0000000000000000e+00,
1.0000000000000000e+00,1.0000000000000000e+00,
1.0000000000000000e+00,1.0000000000000000e+00,
1.0000000000000000e+00,1.0000000000000000e+00,
1.0000000000000000e+00,1.0000000000000000e+00,
1.0000000000000000e+00,1.0000000000000000e+00,
1.0000000000000000e+00,1.0000000000000000e+00,
1.0000000000000000e+00,1.0000000000000000e+00,
1.0000000000000000e+00,1.0000000000000000e+00,
1.0000000000000000e+00,1.0000000000000000e+00,
1.0000000000000000e+00,1.0000000000000000e+00,
1.0000000000000000e+00,1.0000000000000000e+00,
1.0000000000000000e+00,1.0000000000000000e+00,
1.0000000000000000e+00,1.0000000000000000e+00,
1.0000000000000000e+00,1.0000000000000000e+00,
1.0000000000000000e+00,1.0000000000000000e+00,
1.0000000000000000e+00,1.0000000000000000e+00,
1.0000000000000000e+00,1.0000000000000000e+00,
1.0000000000000000e+00,1.0000000000000000e+00,
1.0000000000000000e+00,1.0000000000000000e+00,
1.0000000000000000e+00,1.0000000000000000e+00,
1.0000000000000000e+00,1.0000000000000000e+00,
1.0000000000000000e+00,1.0000000000000000e+00,
1.0000000000000000e+00,1.0000000000000000e+00,
1.0000000000000000e+00,1.0000000000000000e+00,
1.0000000000000000e+00,1.0000000000000000e+00,
1.0000000000000000e+00,1.0000000000000000e+00,
1.0000000000000000e+00,1.0000000000000000e+00,
1.0000000000000000e+00,1.0000000000000000e+00,
1.0000000000000000e+00,1.0000000000000000e+00,
1.0000000000000000e+00,1.0000000000000000e+00,
1.0000000000000000e+00,1.0000000000000000e+00,
1.0000000000000000e+00,1.0000000000000000e+00,
1.0000000000000000e+00,1.0000000000000000e+00,
1.0000000000000000e+00,1.0000000000000000e+00,
1.0000000000000000e+00,1.0000000000000000e+00,
1.0000000000000000e+00,1.0000000000000000e+00,
1.0000000000000000e+00,1.0000000000000000e+00,
1.0000000000000000e+00,1.0000000000000000e+00,
1.0000000000000000e+00,1.0000000000000000e+00,
1.0000000000000000e+00,1.0000000000000000e+00,
1.0000000000000000e+00,1.0000000000000000e+00,
1.0000000000000000e+00,1.0000000000000000e+00,
1.0000000000000000e+00,1.0000000000000000e+00,
1.0000000000000000e+00,1.0000000000000000e+00,
1.0000000000000000e+00,1.0000000000000000e+00,
1.0000000000000000e+00,1.0000000000000000e+00,
1.0000000000000000e+00,1.0000000000000000e+00,
1.0000000000000000e+00,1.0000000000000000e+00,
1.0000000000000000e+00,1.0000000000000000e+00,
1.0000000000000000e+00,1.0000000000000000e+00,

512,2
1.0000000000000000e+00,1.0000000000000000e+00,
1.0000000000000000e+00,1.0000000000000000e+00,
1.0000000000000000e+00,1.0000000000000000e+00,
1.0000000000000000e+00,1.0000000000000000e+00,
1.0000000000000000e+00,1.0000000000000000e+00,
1.0000000000000000e+00,1.0000000000000000e+00,
1.0000000000000000e+00,1.0000000000000000e+00,
1.0000000000000000e+00,1.0000000000000000e+00,
1.0000000000000000e+00,1.0000000000000000e+00,
1.0000000000000000e+00,1.0000000000000000e+00,
1.0000000000000000e+00,1.0000000000000000e+00,
1.0000000000000000e+00,1.0000000000000000e+00,
1.0000000000000000e+00,1.0000000000000000e+00,
1.0000000000000000e+00,1.0000000000000000e+00,
1.0000000000000000e+00,1.0000000000000000e+00,
1.0000000000000000e+00,1.0000000000000000e+00,
1.0000000000000000e+00,1.0000000000000000e+00,
1.0000000000000000e+00,1.0000000000000000e+00,
1.0000000000000000e+00,1.0000000000000000e+00,
1.0000000000000000e+00,1.0000000000000000e+00,
1.0000000000000000e+00,1.0000000000000000e+00,
1.0000000000000000e+00,1.0000000000000000e+00,
1.0000000000000000e+00,1.0000000000000000e+00,
1.0000000000000000e+00,1.0000000000000000e+00,
1.0000000000000000e+00,1.0000000000000000e+00,
1.0000000000000000e+00,1.0000000000000000e+00,
1.0000000000000000e+00,1.0000000000000000e+00,
1.0000000000000000e+00,1.0000000000000000e+00,
1.0000000000000000e+00,1.0000000000000000e+00,
1.0000000000000000e+00,1.0000000000000000e+00,
1.0000000000000000e+00,1.0000000000000000e+00,
1.0000000000000000e+00,1.0000000000000000e+00,
1.0000000000000000e+00,1.0000000000000000e+00,
1.0000000000000000e+00,1.0000000000000000e+00,
1.0000000000000000e+00,1.0000000000000000e+00,
1.0000000000000000e+00,1.0000000000000000e+00,
1.0000000000000000e+00,1.0000000000000000e+00,
1.0000000000000000e+00,1.0000000000000000e+00,
1.0000000000000000e+00,1.0000000000000000e+00,
1.0000000000000000e+00,1.0000000000000000e+00,
1.0000000000000000e+00,1.0000000000000000e+00,
1.0000000000000000e+00,1.0000000000000000e+00,
1.0000000000000000e+00,1.0000000000000000e+00,
1.0000000000000000e+00,1.0000000000000000e+00,
1.0000000000000000e+00,1.0000000000000000e+00,
1.0000000000000000e+00,1.0000000000000000e+00,
1.0000000000000000e+00,1.0000000000000000e+00,
1.0000000000000000e+00,1.0000000000000000e+00,
1.0000000000000000e+00,1.0000000000000000e+00,
1.0000000000000000e+00,1.0000000000000000e+00,
1.0000000000000000e+00,1.0000000000000000e+00,
1.0000000000000000e+00,1.0000000000000000e+00,
1.0000000000000000e+00,1.0000000000000000e+00,
1.0000000000000000e+00,1.0000000000000000e+00,
1.0000000000000000e+00,1.0000000000000000e+00,
1.0000000000000000e+00,1.0000000000000000e+00,
1.0000000000000000e+00,1.0000000000000000e+00,
1.0000000000000000e+00,1.0000000000000000e+00,
1.0000000000000000e+00,1.0000000000000000e+00,
1.0000000000000000e+00,1.0000000000000000e+00,
1.0000000000000000e+00,1.0000000000000000e+00,
1.0000000000000000e+00,1.0000000000000000e+00,
1.0000000000000000e+00,1.0000000000000000e+00,
1.0000000000000000e+00,1.0000000000000000e+00,
1.0000000000000000e+00,1.0000000000000000e+00,
1.0000000000000000e+00,1.0000000000000000e+00,
1.0000000000000000e+00,1.0000000000000000e+00,
1.0000000000000000e+00,1.0000000000000000e+00,
1.0000000000000000e+00,1.0000000000000000e+00,
1.0000000000000000e+00,1.0000000000000000e+00,
1.0000000000000000e+00,1.0000000000000000e+00,
1.0000000000000000e+00,1.0000000000000000e+00,
1.0000000000000000e+00,1.0000000000000000e+00,
1.0000000000000000e+00,1.0000000000000000e+00,
1.0000000000000000e+00,1.0000000000000000e+00,
1.0000000000000000e+00,1.0000000000000000e+00,
1.0000000000000000e+00,1.0000000000000000e+00,
1.0000000000000000e+00,1.0000000000000000e+00,
1.0000000000000000e+00,1.0000000000000000e+00,
1.0000000000000000e+00,1.0000000000000000e+00,
1.0000000000000000e+00,1.0000000000000000e+00,
1.0000000000000000e+00,1.0000000000000000e+00,
1.0000000000000000e+00,1.0000000000000000e+00,
1.0000000000000000e+00,1.0000000000000000e+00,
1.0000000000000000e+00,1.0000000000000000e+00,
1.0000000000000000e+00,1.0000000000000000e+00,
1.0000000000000000e+00,1.0000000000000000e+00,
1.0000000000000000e+00,1.0000000000000000e+00,
1.0000000000000000e+00,1.0000000000000000e+00,
1.0000000000000000e+00,1.0000000000000000e+00,
1.0000000000000000e+00,1.0000000000000000e+00,
1.0000000000000000e+00,1.0000000000000000e+00,
1.0000000000000000e+00,1.0000000000000000e+00,
1.0000000000000000e+00,1.0000000000000000e+00,
1.0000000000000000e+00,1.0000000000000000e+00,
1.0000000000000000e+00,1.0000000000000000e+00,
1.0000000000000000e+00,1.0000000000000000e+00,
1.0000000000000000e+00,1.0000000000000000e+00,
1.0000000000000000e+00,1.0000000000000000e+00,
1.0000000000000000e+00,1.0000000000000000e+00,
1.0000000000000000e+00,1.0000000000000000e+00,
1.0000000000000000e+00,1.0000000000000000e+00,
1.0000000000000000e+00,1.0000000000000000e+00,
1.0000000000000000e+00,1.0000000000000000e+00,
1.0000000000000000e+00,1.0000000000000000e+00,
1.0000000000000000e+00,1.0000000000000000e+00,
1.0000000000000000e+00,1.0000000000000000e+00,
1.0000000000000000e+00,1.0000000000000000e+00,
1.0000000000000000e+00,1.0000000000000000e+00,
1.0000000000000000e+00,1.0000000000000000e+00,
1.0000000000000000e+00,1.0000000000000000e+00,
1.0000000000000000e+00,1.0000000000000000e+00,
1.0000000000000000e+00,1.0000000000000000e+00,
1.0000000000000000e+00,1.0000000000000000e+00,
1.0000000000000000e+00,1.0000000000000000e+00,
1.0000000000000000e+00,1.0000000000000000e+00,
1.0000000000000000e+00,1.0000000000000000e+00,
1.0000000000000000e+00,1.0000000000000000e+00,
1.0000000000000000e+00,1.0000000000000000e+00,
1.0000000000000000e+00,1.0000000000000000e+00,
1.0000000000000000e+00,1.0000000000000000e+00,
1.0000000000000000e+00,1.0000000000000000e+00,
1.0000000000000000e+00,1.0000000000000000e+00,
1.0000000000000000e+00,1.0000000000000000e+00,
1.0000000000000000e+00,1.0000000000000000e+00,
1.0000000000000000e+00,1.0000000000000000e+00,
1.0000000000000000e+00,1.0000000000000000e+00,
1.0000000000000000e+00,1.0000000000000000e+00,
1.0000000000000000e+00,1.0000000000000000e+00,
1.0000000000000000e+00,1.0000000000000000e+00,
1.0000000000000000e+00,1.0000000000000000e+00,
1.0000000000000000e+00,1.0000000000000000e+00,
1.0000000000000000e+00,1.0000000000000000e+00,
1.0000000000000000e+00,1.0000000000000000e+00,
1.0000000000000000e+00,1.0000000000000000e+00,
1.0000000000000000e+00,1.0000000000000000e+00,
1.0000000000000000e+00,1.0000000000000000e+00,
1.0000000000000000e+00,1.0000000000000000e+00,
1.0000000000000000e+00,1.0000000000000000e+00,
1.0000000000000000e+00,1.0000000000000000e+00,
1.0000000000000000e+00,1.0000000000000000e+00,
1.0000000000000000e+00,1.0000000000000000e+00,
1.0000000000000000e+00,1.0000000000000000e+00,
1.0000000000000000e+00,1.0000000000000000e+00,
1.0000000000000000e+00,1.0000000000000000e+00,
1.0000000000000000e+00,1.0000000000000000e+00,
1.0000000000000000e+00,1.0000000000000000e+00,
1.0000000000000000e+00,1.0000000000000000e+00,
1.0000000000000000e+00,1.0000000000000000e+00,
1.0000000000000000e+00,1.0000000000000000e+00,
1.0000000000000000e+00,1.0000000000000000e+00,
1.0000000000000000e+00,1.0000000000000000e+00,
1.0000000000000000e+00,1.0000000000000000e+00,
1.0000000000000000e+00,1.0000000000000000e+00,
1.0000000000000000e+00,1.0000000000000000e+00,
1.0000000000000000e+00,1.0000000000000000e+00,
1.0000000000000000e+00,1.6176523705801288e-01,
1.0000000000000000e+00,1.0000000000000000e+00,
1.0000000000000000e+00,1.0000000000000000e+00,
1.0000000000000000e+00,1.0000000000000000e+00,
1.0000000000000000e+00,1.0000000000000000e+00,
1.0000000000000000e+00,1.0000000000000000e+00,
1.0000000000000000e+00,1.0000000000000000e+00,
1.0000000000000000e+00,1.0000000000000000e+00,
1.0000000000000000e+00,1.0000000000000000e+00,
1.0000000000000000e+00,1.0000000000000000e+00,
1.0000000000000000e+00,1.0000000000000000e+00,
1.0000000000000000e+00,1.0000000000000000e+00,
1.0000000000000000e+00,1.0000000000000000e+00,
1.0000000000000000e+00,1.0000000000000000e+00,
1.0000000000000000e+00,1.0000000000000000e+00,
1.0000000000000000e+00,1.0000000000000000e+00,
1.0000000000000000e+00,1.0000000000000000e+00,
1.0000000000000000e+00,1.0000000000000000e+00,
1.0000000000000000e+00,1.0000000000000000e+00,
1.0000000000000000e+00,1.0000000000000000e+00,
1.0000000000000000e+00,1.0000000000000000e+00,
1.0000000000000000e+00,1.0000000000000000e+00,
1.0000000000000000e+00,1.0000000000000000e+00,
1.0000000000000000e+00,1.0000000000000000e+00,
1.0000000000000000e+00,1.0000000000000000e+00,
1.0000000000000000e+00,1.0000000000000000e+00,
1.0000000000000000e+00,1.0000000000000000e+00,
1.0000000000000000e+00,1.0000000000000000e+00,
1.0000000000000000e+00,1.0000000000000000e+00,
1.0000000000000000e+00,1.0000000000000000e+00,
1.0000000000000000e+00,1.0000000000000000e+00,
1.0000000000000000e+00,1.0000000000000000e+00,
1.0000000000000000e+00,1.0000000000000000e+00,
1.0000000000000000e+00,1.0000000000000000e+00,
1.0000000000000000e+00,1.0000000000000000e+00,
1.0000000000000000e+00,1.0000000000000000e+00,
1.0000000000000000e+00,1.0000000000000000e+00,
1.0000000000000000e+00,1.0000000000000000e+00,
1.0000000000000000e+00,1.0000000000000000e+00,
1.0000000000000000e+00,1.0000000000000000e+00,
1.0000000000000000e+00,1.0000000000000000e+00,
1.0000000000000000e+00,1.0000000000000000e+00,
1.0000000000000000e+00,1.0000000000000000e+00,
1.0000000000000000e+00,1.0000000000000000e+00,
1.0000000000000000e+00,1.0000000000000000e+00,
1.0000000000000000e+00,1.0000000000000000e+00,
1.0000000000000000e+00,1.0000000000000000e+00,
1.0000000000000000e+00,1.0000000000000000e+00,
1.0000000000000000e+00,1.0000000000000000e+00,
1.0000000000000000e+00,1.0000000000000000e+00,
1.0000000000000000e+00,1.0000000000000000e+00,
1.0000000000000000e+00,1.0000000000000000e+00,
1.0000000000000000e+00,1.0000000000000000e+00,
1.0000000000000000e+00,1.0000000000000000e+00,
1.0000000000000000e+00,1.0000000000000000e+00,
1.0000000000000000e+00,1.0000000000000000e+00,
1.0000000000000000e+00,1.0000000000000000e+00,
1.0000000000000000e+00,1.0000000000000000e+00,
1.0000000000000000e+00,1.0000000000000000e+00,
1.0000000000000000e+00,1.0000000000000000e+00,
1.0000000000000000e+00,1.0000000000000000e+00,
1.0000000000000000e+00,1.0000000000000000e+00,
1.0000000000000000e+00,0.0000000000000000e+00,
1.0000000000000000e+00,0.0000000000000000e+00,
1.0000000000000000e+00,0.0000000000000000e+00,
1.0000000000000000e+00,0.0000000000000000e+00,
1.0000000000000000e+00,1.0000000000000000e+00,
1.0000000000000000e+00,1.0000000000000000e+00,
1.0000000000000000e+00,1.0000000000000000e+00,
1.0000000000000000e+00,1.0000000000000000e+00,
1.0000000000000000e+00,1.0000000000000000e+00,
1.0000000000000000e+00,0.0000000000000000e+00,
1.0000000000000000e+00,1.0000000000000000e+00,
1.0000000000000000e+00,1.0000000000000000e+00,
1.0000000000000000e+00,1.0000000000000000e+00,
1.0000000000000000e+00,1.0000000000000000e+00,
1.0000000000000000e+00,1.0000000000000000e+00,
1.0000000000000000e+00,1.0000000000000000e+00,
1.0000000000000000e+00,1.0000000000000000e+00,
1.0000000000000000e+00,1.0000000000000000e+00,
1.0000000000000000e+00,1.0000000000000000e+00,
1.0000000000000000e+00,1.0000000000000000e+00,
1.0000000000000000e+00,1.0000000000000000e+00,
1.0000000000000000e+00,1.0000000000000000e+00,
1.0000000000000000e+00,1.0000000000000000e+00,
1.0000000000000000e+00,1.0000000000000000e+00,
1.0000000000000000e+00,1.0000000000000000e+00,
1.0000000000000000e+00,1.0000000000000000e+00,
1.0000000000000000e+00,1.0000000000000000e+00,
1.0000000000000000e+00,1.0000000000000000e+00,
1.0000000000000000e+00,1.0000000000000000e+00,
1.0000000000000000e+00,1.0000000000000000e+00,
1.0000000000000000e+00,1.0000000000000000e+00,
1.0000000000000000e+00,1.0000000000000000e+00,
1.0000000000000000e+00,1.0000000000000000e+00,
1.0000000000000000e+00,1.0000000000000000e+00,
1.0000000000000000e+00,1.0000000000000000e+00,
1.0000000000000000e+00,1.0000000000000000e+00,
1.0000000000000000e+00,1.0000000000000000e+00,
1.0000000000000000e+00,1.0000000000000000e+00,
1.0000000000000000e+00,1.0000000000000000e+00,
1.0000000000000000e+00,1.0000000000000000e+00,
1.0000000000000000e+00,1.0000000000000000e+00,
1.0000000000000000e+00,1.0000000000000000e+00,
1.0000000000000000e+00,1.0000000000000000e+00,
1.0000000000000000e+00,1.0000000000000000e+00,
1.0000000000000000e+00,1.0000000000000000e+00,
1.0000000000000000e+00,1.0000000000000000e+00,
1.0000000000000000e+00,1.0000000000000000e+00,
1.0000000000000000e+00,1.0000000000000000e+00,
1.0000000000000000e+00,1.0000000000000000e+00,
1.0000000000000000e+00,1.0000000000000000e+00,
1.0000000000000000e+00,1.0000000000000000e+00,
1.0000000000000000e+00,1.0000000000000000e+00,
1.0000000000000000e+00,1.0000000000000000e+00,
1.0000000000000000e+00,1.0000000000000000e+00,
1.0000000000000000e+00,1.0000000000000000e+00,
1.0000000000000000e+00,1.0000000000000000e+00,
1.0000000000000000e+00,1.0000000000000000e+00,
1.0000000000000000e+00,1.0000000000000000e+00,
1.0000000000000000e+00,1.0000000000000000e+00,
1.0000000000000000e+00,1.0000000000000000e+00,
1.0000000000000000e+00,1.0000000000000000e+00,
1.0000000000000000e+00,1.0000000000000000e+00,
1.0000000000000000e+00,1.0000000000000000e+00,
1.0000000000000000e+00,1.0000000000000000e+00,
1.0000000000000000e+00,0.0000000000000000e+00,
1.0000000000000000e+00,0.0000000000000000e+00,
1.0000000000000000e+00,0.0000000000000000e+00,
1.0000000000000000e+00,0.0000000000000000e+00,
1.0000000000000000e+00,1.0000000000000000e+00,
1.0000000000000000e+00,1.0000000000000000e+00,
1.0000000000000000e+00,1.0000000000000000e+00,
1.0000000000000000e+00,1.0000000000000000e+00,
1.0000000000000000e+00,1.0000000000000000e+00,
1.0000000000000000e+00,0.0000000000000000e+00,
1.0000000000000000e+00,1.0000000000000000e+00,
1.0000000000000000e+00,1.0000000000000000e+00,
1.0000000000000000e+00,1.0000000000000000e+00,
1.0000000000000000e+00,1.0000000000000000e+00,
1.0000000000000000e+00,1.0000000000000000e+00,
1.0000000000000000e+00,1.0000000000000000e+00,
1.0000000000000000e+00,1.0000000000000000e+00,
1.0000000000000000e+00,1.0000000000000000e+00,
1.0000000000000000e+00,1.0000000000000000e+00,
1.0000000000000000e+00,1.0000000000000000e+00,
1.0000000000000000e+00,1.0000000000000000e+00,
1.0000000000000000e+00,1.0000000000000000e+00,
1.0000000000000000e+00,1.0000000000000000e+00,
1.0000000000000000e+00,1.0000000000000000e+00,
1.0000000000000000e+00,1.0000000000000000e+00,
1.0000000000000000e+00,1.0000000000000000e+00,
1.0000000000000000e+00,1.0000000000000000e+00,
1.0000000000000000e+00,1.0000000000000000e+00,
1.0000000000000000e+00,1.0000000000000000e+00,
1.0000000000000000e+00,1.0000000000000000e+00,
1.0000000000000000e+00,1.0000000000000000e+00,
1.0000000000000000e+00,1.0000000000000000e+00,
1.0000000000000000e+00,1.0000000000000000e+00,
1.0000000000000000e+00,1.0000000000000000e+00,
1.0000000000000000e+00,1.0000000000000000e+00,
1.0000000000000000e+00,1.0000000000000000e+00,
1.0000000000000000e+00,1.0000000000000000e+00,
1.0000000000000000e+00,1.0000000000000000e+00,
1.0000000000000000e+00,1.0000000000000000e+00,
1.0000000000000000e+00,1.0000000000000000e+00,
1.0000000000000000e+00,1.0000000000000000e+00,
1.0000000000000000e+00,1.0000000000000000e+00,
1.0000000000000000e+00,1.0000000000000000e+00,
1.0000000000000000e+00,1.0000000000000000e+00,
1.0000000000000000e+00,1.0000000000000000e+00,
1.0000000000000000e+00,1.0000000000000000e+00,
1.0000000000000000e+00,1.0000000000000000e+00,
1.0000000000000000e+00,1.0000000000000000e+00,
1.0000000000000000e+00,1.0000000000000000e+00,
1.0000000000000000e+00,1.0000000000000000e+00,
1.0000000000000000e+00,1.0000000000000000e+00,
1.0000000000000000e+00,1.0000000000000000e+00,
1.0000000000000000e+00,1.0000000000000000e+00,
1.0000000000000000e+00,1.0000000000000000e+00,
1.0000000000000000e+00,1.0000000000000000e+00,
1.0000000000000000e+00,1.0000000000000000e+00,
1.0000000000000000e+00,1.0000000000000000e+00,
1.0000000000000000e+00,1.0000000000000000e+00,
1.0000000000000000e+00,1.0000000000000000e+00,
1.0000000000000000e+00,1.0000000000000000e+00,
1.0000000000000000e+00,1.0000000000000000e+00,
1.0000000000000000e+00,1.0000000000000000e+00,
1.0000000000000000e+00,1.0000000000000000e+00,
1.0000000000000000e+00,1.0000000000000000e+00,
1.0000000000000000e+00,1.0000000000000000e+00,
1.0000000000000000e+00,1.0000000000000000e+00,
1.0000000000000000e+00,1.4634373826662028e-01,
1.0000000000000000e+00,1.0000000000000000e+00,
1.0000000000000000e+00,1.0000000000000000e+00,
1.0000000000000000e+00,1.0000000000000000e+00,
1.0000000000000000e+00,1.0000000000000000e+00,
1.0000000000000000e+00,1.0000000000000000e+00,
1.0000000000000000e+00,1.0000000000000000e+00,
1.0000000000000000e+00,1.0000000000000000e+00,
1.0000000000000000e+00,1.0000000000000000e+00,
1.0000000000000000e+00,1.0000000000000000e+00,
1.0000000000000000e+00,1.0000000000000000e+00,
1.0000000000000000e+00,1.0000000000000000e+00,
1.0000000000000000e+00,1.0000000000000000e+00,
1.0000000000000000e+00,1.0000000000000000e+00,
1.0000000000000000e+00,1.0000000000000000e+00,
1.0000000000000000e+00,1.0000000000000000e+00,
1.0000000000000000e+00,1.0000000000000000e+00,
1.0000000000000000e+00,1.0000000000000000e+00,
1.0000000000000000e+00,1.0000000000000000e+00,
1.0000000000000000e+00,1.0000000000000000e+00,
1.0000000000000000e+00,1.0000000000000000e+00,
1.0000000000000000e+00,1.0000000000000000e+00,
1.0000000000000000e+00,1.0000000000000000e+00,
1.0000000000000000e+00,1.0000000000000000e+00,
1.0000000000000000e+00,1.0000000000000000e+00,
1.0000000000000000e+00,1.0000000000000000e+00,
1.0000000000000000e+00,1.0000000000000000e+00,
1.0000000000000000e+00,1.0000000000000000e+00,
1.0000000000000000e+00,1.0000000000000000e+00,
1.0000000000000000e+00,1.0000000000000000e+00,
1.0000000000000000e+00,1.0000000000000000e+00,
1.0000000000000000e+00,1.0000000000000000e+00,
1.0000000000000000e+00,1.0000000000000000e+00,
1.0000000000000000e+00,1.0000000000000000e+00,
1.0000000000000000e+00,1.0000000000000000e+00,
1.0000000000000000e+00,1.0000000000000000e+00,
1.0000000000000000e+00,1.0000000000000000e+00,
1.0000000000000000e+00,1.0000000000000000e+00,
1.0000000000000000e+00,1.0000000000000000e+00,
1.0000000000000000e+00,1.0000000000000000e+00,
1.0000000000000000e+00,1.0000000000000000e+00,
1.0000000000000000e+00,1.0000000000000000e+00,
1.0000000000000000e+00,1.0000000000000000e+00,
1.0000000000000000e+00,1.0000000000000000e+00,
1.0000000000000000e+00,1.0000000000000000e+00,
1.0000000000000000e+00,1.0000000000000000e+00,
1.0000000000000000e+00,1.0000000000000000e+00,
1.0000000000000000e+00,1.0000000000000000e+00,
1.0000000000000000e+00,1.0000000000000000e+00,
1.0000000000000000e+00,1.0000000000000000e+00,
1.0000000000000000e+00,1.0000000000000000e+00,
1.0000000000000000e+00,1.0000000000000000e+00,
1.0000000000000000e+00,1.0000000000000000e+00,
1.0000000000000000e+00,1.0000000000000000e+00,
1.0000000000000000e+00,1.0000000000000000e+00,
1.0000000000000000e+00,1.0000000000000000e+00,
1.0000000000000000e+00,1.0000000000000000e+00,
1.0000000000000000e+00,1.0000000000000000e+00,
1.0000000000000000e+00,1.0000000000000000e+00,
1.0000000000000000e+00,1.0000000000000000e+00,
1.0000000000000000e+00,1.0000000000000000e+00,
1.0000000000000000e+00,1.0000000000000000e+00,
1.0000000000000000e+00,1.0000000000000000e+00,
1.0000000000000000e+00,1.0000000000000000e+00,
1.0000000000000000e+00,1.0000000000000000e+00,
1.0000000000000000e+00,1.0000000000000000e+00,
1.0000000000000000e+00,1.0000000000000000e+00,
1.0000000000000000e+00,1.0000000000000000e+00,
1.0000000000000000e+00,1.0000000000000000e+00,
1.0000000000000000e+00,1.0000000000000000e+00,
1.0000000000000000e+00,1.0000000000000000e+00,
1.0000000000000000e+00,1.0000000000000000e+00,
1.0000000000000000e+00,1.0000000000000000e+00,
1.0000000000000000e+00,1.0000000000000000e+00,
1.0000000000000000e+00,1.0000000000000000e+00,
1.0000000000000000e+00,1.0000000000000000e+00,
1.0000000000000000e+00,1.0000000000000000e+00,
1.0000000000000000e+00,1.0000000000000000e+00,
1.0000000000000000e+00,1.0000000000000000e+00,
1.0000000000000000e+00,1.0000000000000000e+00,
1.0000000000000000e+00,1.0000000000000000e+00,
1.0000000000000000e+00,1.0000000000000000e+00,
1.0000000000000000e+00,1.0000000000000000e+00,
1.0000000000000000e+00,1.0000000000000000e+00,
1.0000000000000000e+00,1.0000000000000000e+00,
1.0000000000000000e+00,1.0000000000000000e+00,
1.0000000000000000e+00,1.0000000000000000e+00,
1.0000000000000000e+00,1.0000000000000000e+00,
1.0000000000000000e+00,1.0000000000000000e+00,
1.0000000000000000e+00,1.0000000000000000e+00,
1.0000000000000000e+00,1.0000000000000000e+00,
1.0000000000000000e+00,1.0000000000000000e+00,
1.0000000000000000e+00,1.0000000000000000e+00,
1.0000000000000000e+00,1.0000000000000000e+00,
1.0000000000000000e+00,1.0000000000000000e+00,
1.0000000000000000e+00,1.0000000000000000e+00,
1.0000000000000000e+00,1.0000000000000000e+00,
1.0000000000000000e+00,1.0000000000000000e+00,
1.0000000000000000e+00,1.0000000000000000e+00,
1.0000000000000000e+00,1.0000000000000000e+00,
1.0000000000000000e+00,1.0000000000000000e+00,
1.0000000000000000e+00,1.0000000000000000e+00,
1.0000000000000000e+00,1.0000000000000000e+00,
1.0000000000000000e+00,1.0000000000000000e+00,
1.0000000000000000e+00,1.0000000000000000e+00,
1.0000000000000000e+00,1.0000000000000000e+00,
1.0000000000000000e+00,1.0000000000000000e+00,
1.0000000000000000e+00,1.0000000000000000e+00,
1.0000000000000000e+00,1.0000000000000000e+00,
1.0000000000000000e+00,1.0000000000000000e+00,
1.0000000000000000e+00,1.0000000000000000e+00,
1.0000000000000000e+00,1.0000000000000000e+00,
1.0000000000000000e+00,1.0000000000000000e+00,
1.0000000000000000e+00,1.0000000000000000e+00,
1.0000000000000000e+00,1.0000000000000000e+00,
1.0000000000000000e+00,1.0000000000000000e+00,
1.0000000000000000e+00,1.0000000000000000e+00,
1.0000000000000000e+00,1.0000000000000000e+00,
1.0000000000000000e+00,1.0000000000000000e+00,
1.0000000000000000e+00,1.0000000000000000e+00,
1.0000000000000000e+00,1.0000000000000000e+00,
1.0000000000000000e+00,1.0000000000000000e+00,
1.0000000000000000e+00,1.0000000000000000e+00,
1.0000000000000000e+00,1.0000000000000000e+00,
1.0000000000000000e+00,1.0000000000000000e+00,
1.0000000000000000e+00,1.0000000000000000e+00,
1.0000000000000000e+00,1.0000000000000000e+00,
1.0000000000000000e+00,1.0000000000000000e+00,
1.0000000000000000e+00,1.0000000000000000e+00,
1.0000000000000000e+00,1.0000000000000000e+00,
1.0000000000000000e+00,1.0000000000000000e+00,
1.0000000000000000e+00,1.0000000000000000e+00,
1.0000000000000000e+00,1.0000000000000000e+00,
1.0000000000000000e+00,1.0000000000000000e+00,
1.0000000000000000e+00,1.0000000000000000e+00,
1.0000000000000000e+00,1.0000000000000000e+00,
1.0000000000000000e+00,1.0000000000000000e+00,
1.0000000000000000e+00,1.0000000000000000e+00,
1.0000000000000000e+00,1.0000000000000000e+00,
1.0000000000000000e+00,1.0000000000000000e+00,
1.0000000000000000e+00,1.0000000000000000e+00,
1.0000000000000000e+00,1.0000000000000000e+00,
1.0000000000000000e+00,1.0000000000000000e+00,
1.0000000000000000e+00,1.0000000000000000e+00,
1.0000000000000000e+00,1.0000000000000000e+00,
1.0000000000000000e+00,1.0000000000000000e+00,
1.0000000000000000e+00,1.0000000000000000e+00,
1.0000000000000000e+00,1.0000000000000000e+00,
1.0000000000000000e+00,1.0000000000000000e+00,
1.0000000000000000e+00,1.0000000000000000e+00,
1.0000000000000000e+00,1.0000000000000000e+00,
1.0000000000000000e+00,1.0000000000000000e+00,
1.0000000000000000e+00,1.0000000000000000e+00,
1.0000000000000000e+00,1.0000000000000000e+00,
1.0000000000000000e+00,1.0000000000000000e+00,
1.0000000000000000e+00,1.0000000000000000e+00,
1.0000000000000000e+00,1.0000000000000000e+00,
1.0000000000000000e+00,1.0000000000000000e+00,
1.0000000000000000e+00,1.0000000000000000e+00,
1.0000000000000000e+00,1.0000000000000000e+00,
1.0000000000000000e+00,1.0000000000000000e+00,
1.0000000000000000e+00,1.0000000000000000e+00,
1.0000000000000000e+00,1.0000000000000000e+00,
1.0000000000000000e+00,1.0000000000000000e+00,

